Datetime,Open,High,Low,Close,Adj Close,Volume,STMA,LTMA,Bollinger-Middle,Bollinger-Upper,Bollinger-Lower
2021-05-14 09:30:00-04:00,583.4099731445312,584.02001953125,580.6945190429688,582.5798950195312,582.5798950195312,1217648,,,,,
2021-05-14 09:31:00-04:00,582.4249877929688,582.5449829101562,580.1799926757812,580.75,580.75,152442,,,,,
2021-05-14 09:32:00-04:00,580.989990234375,581.2000122070312,579.0,580.9600219726562,580.9600219726562,186615,,,,,
2021-05-14 09:33:00-04:00,580.8499755859375,582.0,579.8200073242188,580.1951904296875,580.1951904296875,183246,,,,,
2021-05-14 09:34:00-04:00,580.1699829101562,580.8300170898438,579.1400146484375,580.3300170898438,580.3300170898438,151204,,,,,
2021-05-14 09:35:00-04:00,578.0,579.3098754882812,577.8800048828125,578.8599853515625,578.8599853515625,179850,,,,,
2021-05-14 09:36:00-04:00,577.25,577.6699829101562,577.0599975585938,577.6699829101562,577.6699829101562,108758,,,,,
2021-05-14 09:37:00-04:00,576.5,577.830078125,576.343994140625,577.5399780273438,577.5399780273438,165167,,,,,
2021-05-14 09:38:00-04:00,577.0,577.6375122070312,576.5126953125,577.3200073242188,577.3200073242188,136097,,,,,
2021-05-14 09:39:00-04:00,577.0,577.6099853515625,576.7000122070312,577.6099853515625,577.6099853515625,80195,,,,,
2021-05-14 09:40:00-04:00,577.5,579.3800048828125,577.4692993164062,578.5989990234375,578.5989990234375,179182,,,,,
2021-05-14 09:41:00-04:00,576.0,576.0,575.0,575.25,575.25,197273,,,,,
2021-05-14 09:42:00-04:00,575.0,575.3200073242188,574.9840087890625,575.2449951171875,575.2449951171875,157876,,,,,
2021-05-14 09:43:00-04:00,576.0,576.2899169921875,574.75,574.97998046875,574.97998046875,112358,,,,,
2021-05-14 09:44:00-04:00,576.0,577.1199951171875,575.9000244140625,576.7479858398438,576.7479858398438,102759,,,,,
2021-05-14 09:45:00-04:00,576.75,577.9099731445312,576.6798095703125,577.35302734375,577.35302734375,127808,,,,,
2021-05-14 09:46:00-04:00,576.0,576.4299926757812,573.219970703125,574.2000122070312,574.2000122070312,165968,,,,,
2021-05-14 09:47:00-04:00,573.5,574.5587158203125,573.3099975585938,573.9000854492188,573.9000854492188,111813,,,,,
2021-05-14 09:48:00-04:00,573.0,573.466796875,572.030029296875,572.4500122070312,572.4500122070312,168172,,,,,
2021-05-14 09:49:00-04:00,572.0,572.4400024414062,571.3300170898438,571.4349975585938,571.4349975585938,144090,577.1987579345703,,,,
2021-05-14 09:50:00-04:00,572.0,572.4299926757812,572.0,572.4299926757812,572.4299926757812,230529,576.6912628173828,,576.971673874628,583.0097681369275,570.9335796123285
2021-05-14 09:51:00-04:00,572.5,573.7999877929688,572.260009765625,573.6599731445312,573.6599731445312,158060,576.3367614746094,,576.5469156901041,582.1857197008705,570.9081116793377
2021-05-14 09:52:00-04:00,574.5,574.6898803710938,573.9000244140625,574.25,574.25,142749,576.0012603759766,,576.2373918805804,581.625320458428,570.8494633027328
2021-05-14 09:53:00-04:00,574.25,575.2000122070312,574.0,575.2000122070312,575.2000122070312,107366,575.7515014648437,,575.9631057012649,580.9278828024057,570.9983286001241
2021-05-14 09:54:00-04:00,574.75,575.5,574.4301147460938,574.6325073242188,574.6325073242188,141607,575.4666259765625,,575.6982160295759,580.3097018714449,571.0867301877068
2021-05-14 09:55:00-04:00,573.5,574.75,573.0999755859375,574.1890258789062,574.1890258789062,121386,575.2330780029297,,575.4057878766741,579.5576010657696,571.2539746875786
2021-05-14 09:56:00-04:00,572.0,573.0999755859375,571.8200073242188,573.0999755859375,573.0999755859375,118593,575.0045776367188,,575.1315016973587,579.0892199550517,571.1737834396656
2021-05-14 09:57:00-04:00,573.5,576.0850219726562,573.5,575.6599731445312,575.6599731445312,156987,574.9105773925781,,575.0357869466146,578.8361136050405,571.2354602881887
2021-05-14 09:58:00-04:00,576.0,577.2000122070312,575.6699829101562,576.0,576.0,166482,574.8445770263672,,574.9624546595982,578.6223509274918,571.3025583917046
2021-05-14 09:59:00-04:00,575.0,575.5800170898438,574.739990234375,575.3798828125,575.3798828125,105893,574.7330718994141,,574.8700677780878,578.3809494307739,571.3591861254017
2021-05-14 10:00:00-04:00,574.9000244140625,575.6799926757812,573.9000244140625,574.4500122070312,574.4500122070312,131026,574.5256225585938,,574.7195928664435,578.0100146340103,571.4291710988766
2021-05-14 10:01:00-04:00,574.489990234375,576.5,574.260009765625,576.0913696289062,576.0913696289062,107889,574.5676910400391,,574.6001819428943,577.4707299543882,571.7296339314005
2021-05-14 10:02:00-04:00,576.2899780273438,577.4299926757812,575.8800048828125,577.27001953125,577.27001953125,126643,574.6689422607421,,574.6963733491443,577.777082238617,571.6156644596716
2021-05-14 10:03:00-04:00,577.3400268554688,577.4000244140625,575.489990234375,575.6749877929688,575.6749877929688,102957,574.7036926269532,,574.7168491908482,577.8176902236373,571.616008158059
2021-05-14 10:04:00-04:00,575.77001953125,576.5,575.6900024414062,576.0449829101562,576.0449829101562,72825,574.6685424804688,,574.7675635928199,577.9188107861844,571.6163163994554
2021-05-14 10:05:00-04:00,576.0650024414062,576.9141235351562,575.6699829101562,575.8410034179688,575.8410034179688,71998,574.5929412841797,,574.7243739536831,577.7888170736163,571.6599308337499
2021-05-14 10:06:00-04:00,576.010009765625,576.489990234375,574.530029296875,574.7904052734375,574.7904052734375,131982,574.6224609375,,574.6023443312872,577.4315393958184,571.773149266756
2021-05-14 10:07:00-04:00,574.7059936523438,574.8948974609375,572.3099975585938,572.4000244140625,572.4000244140625,141869,574.5474578857422,,574.5166306268601,577.4957658408697,571.5374954128505
2021-05-14 10:08:00-04:00,572.5321044921875,573.2999877929688,572.1885986328125,572.4088134765625,572.4088134765625,109674,574.5453979492188,,574.4456176757812,577.5496926362159,571.3415427153466
2021-05-14 10:09:00-04:00,572.4299926757812,573.489013671875,572.3499755859375,573.1201171875,573.1201171875,115430,574.6296539306641,,574.477527436756,577.511287823472,571.4437670500399
2021-05-14 10:10:00-04:00,573.260009765625,575.5,572.8499755859375,575.3300170898438,575.3300170898438,102389,574.7746551513671,,574.6630045572916,577.3881552080189,571.9378539065643
2021-05-14 10:11:00-04:00,575.3519897460938,577.7376708984375,575.1699829101562,577.469970703125,577.469970703125,181248,574.9651550292969,,574.9030035109747,577.6868392075417,572.1191678144078
2021-05-14 10:12:00-04:00,577.5999755859375,578.3099975585938,577.3499755859375,577.75,577.75,161920,575.1401550292969,,575.0977666945685,578.0738091051938,572.1217242839431
2021-05-14 10:13:00-04:00,577.8599853515625,579.159912109375,577.75,578.939208984375,578.939208984375,139011,575.327114868164,,575.321062360491,578.6903528894268,571.9517718315553
2021-05-14 10:14:00-04:00,578.9237060546875,579.9299926757812,578.4801025390625,579.7200927734375,579.7200927734375,137375,575.581494140625,,575.5363042922247,579.3936942720662,571.6789143123832
2021-05-14 10:15:00-04:00,579.9199829101562,579.97998046875,578.3099975585938,578.4500122070312,578.4500122070312,129152,575.7945434570313,,575.7180902390253,579.745491383751,571.6906890942996
2021-05-14 10:16:00-04:00,578.47998046875,580.9500122070312,578.47998046875,580.8200073242188,580.8200073242188,260341,576.1805450439454,,576.0338512602307,580.5469930717945,571.5207094486668
2021-05-14 10:17:00-04:00,580.8900146484375,580.989990234375,580.0999755859375,580.2584228515625,580.2584228515625,107303,576.4104675292969,,576.3747297014509,581.0303116054423,571.7191477974594
2021-05-14 10:18:00-04:00,580.1799926757812,580.760009765625,578.4099731445312,578.861328125,578.861328125,105861,576.5535339355469,,576.5271751767114,581.2885023073272,571.7658480460955
2021-05-14 10:19:00-04:00,579.0,579.2999877929688,578.37060546875,578.6099853515625,578.6099853515625,71009,576.7150390625,576.4555456542969,576.6514601934524,581.4875545872732,571.8153657996316
2021-05-14 10:20:00-04:00,578.6900024414062,579.6500244140625,578.610107421875,579.0700073242188,579.0700073242188,66359,576.9460388183594,576.3853479003906,576.8271804082962,581.7339338969026,571.9204269196897
2021-05-14 10:21:00-04:00,579.094970703125,579.4124145507812,577.6500244140625,578.5499877929688,578.5499877929688,80922,577.0689697265625,576.34134765625,577.0224173409598,581.8605111562786,572.184323525641
2021-05-14 10:22:00-04:00,578.52001953125,578.650390625,577.1901245117188,578.3900146484375,578.3900146484375,89816,577.1249694824219,576.2899475097656,577.1318766276041,581.9848725992442,572.278880655964
2021-05-14 10:23:00-04:00,578.4199829101562,578.969970703125,577.5078125,578.4384155273438,578.4384155273438,83329,577.2631408691407,576.2548120117187,577.1875145321801,582.07252290232,572.3025061620402
2021-05-14 10:24:00-04:00,578.260009765625,578.8350219726562,577.5811767578125,578.8300170898438,578.8300170898438,62293,577.402392578125,576.2248120117188,577.3377540225074,582.2215053087505,572.4540027362643
2021-05-14 10:25:00-04:00,578.8699951171875,581.7999877929688,578.8699951171875,581.5966796875,581.5966796875,166160,577.6901763916015,576.2795458984375,577.6021205357143,582.7724331097493,572.4318079616794
2021-05-14 10:26:00-04:00,581.6340942382812,584.489990234375,581.4299926757812,584.4849243164062,584.4849243164062,274026,578.17490234375,576.4158447265625,578.0137358165923,583.891862916858,572.1356087163266
2021-05-14 10:27:00-04:00,584.3923950195312,584.6500244140625,583.4285278320312,583.72998046875,583.72998046875,140045,578.7414001464844,576.5396447753906,578.4394298735119,584.6121140449054,572.2667457021184
2021-05-14 10:28:00-04:00,583.7943115234375,586.2000122070312,583.7163696289062,585.8200073242188,585.8200073242188,255522,579.4119598388672,576.7096447753906,579.0784766787574,585.3960636560654,572.7608897014494
2021-05-14 10:29:00-04:00,585.7000122070312,586.409912109375,584.7999877929688,585.0046997070312,585.0046997070312,161112,580.0061889648438,576.8575390625,579.6782807849702,585.7331991211892,573.6233624487512
2021-05-14 10:30:00-04:00,584.7999877929688,585.969970703125,584.7999877929688,585.2625732421875,585.2625732421875,120597,580.502816772461,576.990810546875,580.2564929780506,586.0047167441971,574.508269211904
2021-05-14 10:31:00-04:00,585.375,586.54150390625,585.340087890625,585.8400268554688,585.8400268554688,141446,580.9213195800781,577.2026110839844,580.7569696335565,586.5326234509093,574.9813158162037
2021-05-14 10:32:00-04:00,585.9033813476562,587.6099853515625,585.5999755859375,587.3377075195312,587.3377075195312,159161,581.4007049560547,577.4444653320312,581.2268618629092,587.4486366632664,575.0050870625521
2021-05-14 10:33:00-04:00,587.4000244140625,588.0999755859375,587.0,587.510009765625,587.510009765625,189890,581.8292449951172,577.6950659179688,581.6916242327009,588.2566940994991,575.1265543659026
2021-05-14 10:34:00-04:00,587.6500244140625,588.77001953125,587.5,588.4199829101562,588.4199829101562,120014,582.2642395019532,577.928505859375,582.1430896577381,589.1800245826615,575.1061547328146
2021-05-14 10:35:00-04:00,588.4299926757812,588.72998046875,587.1099853515625,587.5700073242188,587.5700073242188,159304,582.7202392578125,578.1328454589843,582.5168951125372,589.8301824378892,575.2036077871852
2021-05-14 10:36:00-04:00,587.5599975585938,587.6649780273438,586.3709716796875,586.739990234375,586.739990234375,179471,583.0162384033204,578.3836450195313,582.9116559709821,590.1989271476169,575.6243847943473
2021-05-14 10:37:00-04:00,587.2000122070312,588.0,586.72998046875,586.760009765625,586.760009765625,91687,583.3413177490235,578.6408435058594,583.1945132300967,590.5962641246934,575.7927623355
2021-05-14 10:38:00-04:00,586.7482299804688,587.39990234375,585.7999877929688,586.6799926757812,586.6799926757812,121666,583.7322509765625,578.9254431152344,583.5003022693452,590.9223226149246,576.0782819237658
2021-05-14 10:39:00-04:00,586.469970703125,588.0,586.1400146484375,587.5999755859375,587.5999755859375,152683,584.1817504882813,579.2487426757813,583.9164283389136,591.2296139254863,576.603242752341
2021-05-14 10:40:00-04:00,587.639892578125,590.6900024414062,587.4500732421875,590.6900024414062,590.6900024414062,262324,584.7627502441406,579.6139428710937,584.4916672479538,591.9449998839742,577.0383346119335
2021-05-14 10:41:00-04:00,590.6699829101562,592.47998046875,589.7999877929688,591.8599853515625,591.8599853515625,235084,585.4282501220703,579.9779431152343,585.1007138206845,592.7713250384032,577.4301026029658
2021-05-14 10:42:00-04:00,591.7999877929688,592.8699951171875,591.37548828125,592.5,592.5,166369,586.1337493896484,580.3429431152343,585.7650001162574,593.4677296085264,578.0622706239884
2021-05-14 10:43:00-04:00,592.5150146484375,592.72998046875,590.5,590.5319213867188,590.5319213867188,160471,586.7384246826172,580.6495812988281,586.3431861514136,593.5474219367386,579.1389503660887
2021-05-14 10:44:00-04:00,590.635986328125,591.0,589.3099975585938,589.6099853515625,589.6099853515625,156744,587.2774230957032,580.949130859375,586.8751656668527,593.2632131694164,580.487118164289
2021-05-14 10:45:00-04:00,589.8200073242188,591.2799072265625,589.7999877929688,590.655029296875,590.655029296875,111163,587.7303405761719,581.2784509277344,587.4382614862351,592.9008813918856,581.9756415805846
2021-05-14 10:46:00-04:00,590.5599975585938,591.780029296875,589.4849853515625,589.6798706054688,589.6798706054688,113171,587.990087890625,581.610048828125,587.8231753394717,592.6866313584618,582.9597193204817
2021-05-14 10:47:00-04:00,589.6157836914062,590.2899780273438,588.8400268554688,589.22998046875,589.22998046875,88521,588.265087890625,581.8814489746094,588.0491303943452,592.7060482237483,583.392212564942
2021-05-14 10:48:00-04:00,589.1829833984375,589.7379150390625,588.6199951171875,589.110107421875,589.110107421875,77299,588.4295928955078,582.1436511230469,588.3053269159226,592.5544541617289,584.0561996701163
2021-05-14 10:49:00-04:00,589.2343139648438,590.25,589.1099853515625,589.9500122070312,589.9500122070312,128786,588.6768585205078,582.4350537109375,588.5019938151041,592.6531623607654,584.3508252694429
2021-05-14 10:50:00-04:00,590.0,591.989990234375,589.961669921875,590.910400390625,590.910400390625,156613,588.9592498779297,582.7642614746094,588.7832176571801,592.7427619721461,584.8236733422141
2021-05-14 10:51:00-04:00,590.9710083007812,591.639892578125,590.719970703125,591.114990234375,591.114990234375,87370,589.222998046875,583.0647338867187,589.0619041806176,592.8073362639639,585.3164720972713
2021-05-14 10:52:00-04:00,591.1099853515625,591.2100219726562,588.5,588.8900146484375,588.8900146484375,98379,589.3006134033203,583.2971337890625,589.2071416945685,592.6647370023031,585.7495463868338
2021-05-14 10:53:00-04:00,588.9611206054688,589.25,588.010009765625,588.1900024414062,588.1900024414062,94798,589.3346130371094,583.5474340820313,589.2477271670386,592.6353168139522,585.8601375201251
2021-05-14 10:54:00-04:00,588.3400268554688,588.9580078125,587.3099975585938,587.3493041992188,587.3493041992188,78353,589.2810791015625,583.7735205078125,589.2400745210193,592.6441557413904,585.8359933006483
2021-05-14 10:55:00-04:00,587.4500122070312,587.8599243164062,586.3800048828125,586.3900146484375,586.3900146484375,109691,589.2220794677735,583.9845007324219,589.1434093656994,592.746342828214,585.5404759031849
2021-05-14 10:56:00-04:00,586.3900146484375,586.8800048828125,585.77001953125,586.7119750976562,586.7119750976562,142999,589.2206787109375,584.2229321289062,589.102550688244,592.7950344023935,585.4100669740945
2021-05-14 10:57:00-04:00,586.8099975585938,586.8399047851562,585.8900756835938,586.2158813476562,586.2158813476562,97267,589.193472290039,584.4992492675781,589.0775931222098,592.8406195407402,585.3145667036794
2021-05-14 10:58:00-04:00,586.4299926757812,586.8800048828125,585.8900146484375,586.7000122070312,586.7000122070312,86004,589.1944732666016,584.7850732421875,589.0747360956101,592.8449408020765,585.3045313891437
2021-05-14 10:59:00-04:00,586.7000122070312,587.9299926757812,586.7000122070312,587.6099243164062,587.6099243164062,104654,589.194970703125,585.0748693847656,589.1190185546875,592.7955842198329,585.4424528895421
2021-05-14 11:00:00-04:00,587.7000122070312,588.5399780273438,586.9891967773438,587.1619873046875,587.1619873046875,112623,589.0185699462891,585.3115087890625,589.098161969866,592.8140492617003,585.3822746780318
2021-05-14 11:01:00-04:00,587.0,587.0507202148438,584.1099853515625,584.3499145507812,584.3499145507812,197187,588.64306640625,585.4491076660156,588.7962530226935,592.9536605902309,584.638845455156
2021-05-14 11:02:00-04:00,584.2100219726562,584.6478271484375,583.530029296875,583.7379150390625,583.7379150390625,133705,588.2049621582031,585.5688659667969,588.4094877697173,592.8583538071026,583.960621732332
2021-05-14 11:03:00-04:00,583.780029296875,584.3900146484375,583.469970703125,583.8099975585938,583.8099975585938,70390,587.8688659667969,585.6662817382812,587.9956781296503,592.4623616529675,583.5289946063331
2021-05-14 11:04:00-04:00,583.7999877929688,584.3538818359375,583.5,583.8099975585938,583.8099975585938,57529,587.5788665771485,585.7480798339843,587.6755865187872,592.3304380293498,583.0207350082246
2021-05-14 11:05:00-04:00,583.9099731445312,584.469970703125,583.8499755859375,584.0244140625,584.0244140625,60622,587.2473358154297,585.8595678710938,587.4096069335938,592.228752652869,582.5904612143185
2021-05-14 11:06:00-04:00,584.0999755859375,585.2299194335938,583.5,585.2000122070312,585.2000122070312,130510,587.0233428955078,585.94716796875,587.1498442150298,591.8260228151843,582.4736656148754
2021-05-14 11:07:00-04:00,585.2000122070312,586.3400268554688,584.5900268554688,585.739990234375,585.739990234375,166958,586.848843383789,586.0567993164062,586.9622308640253,591.5313610180995,582.3931007099511
2021-05-14 11:08:00-04:00,585.8699951171875,585.8699951171875,583.5700073242188,584.19287109375,584.19287109375,86564,586.6029815673828,586.1634301757813,586.7223685128348,591.3191280993285,582.1256089263411
2021-05-14 11:09:00-04:00,584.0650024414062,584.3300170898438,583.5700073242188,583.5700073242188,583.5700073242188,48151,586.2839813232422,586.2626306152343,586.4585542224702,591.1129209597398,581.8041874852006
2021-05-14 11:10:00-04:00,583.614990234375,584.8616943359375,583.5947875976562,584.7999877929688,584.7999877929688,54911,585.9784606933594,586.3772302246093,586.2133149646577,590.6413402629189,581.7852896663965
2021-05-14 11:11:00-04:00,584.7949829101562,586.3599853515625,584.3001098632812,585.969970703125,585.969970703125,94605,585.7212097167969,586.5256298828125,585.9780564081101,589.8713513481747,582.0847614680455
2021-05-14 11:12:00-04:00,586.030029296875,586.1724853515625,585.3099975585938,585.7550048828125,585.7550048828125,58257,585.5644592285156,586.6729296875,585.7228190104166,588.8590427032879,582.5865953175454
2021-05-14 11:13:00-04:00,585.72998046875,586.3839721679688,585.5,586.08837890625,586.08837890625,63964,585.4593780517578,586.8259289550781,585.5894077845982,588.3935109736984,582.7853045954979
2021-05-14 11:14:00-04:00,586.1300048828125,587.417724609375,586.1102294921875,587.1325073242188,587.1325073242188,112201,585.4485382080078,586.9919787597656,585.539050874256,588.186895974567,582.8912057739449
2021-05-14 11:15:00-04:00,587.1500244140625,588.5651245117188,586.8400268554688,588.1649780273438,588.1649780273438,136008,585.5372863769531,587.1233447265626,585.577892485119,588.352786196675,582.8029987735631
2021-05-14 11:16:00-04:00,588.4000244140625,589.0700073242188,588.3400268554688,588.9299926757812,588.9299926757812,90525,585.6481872558594,587.21224609375,585.6988438197544,588.8089341800433,582.5887534594656
2021-05-14 11:17:00-04:00,588.9299926757812,589.0,588.3200073242188,588.4299926757812,588.4299926757812,66309,585.7588928222656,587.3062463378906,585.7806541806176,589.0793304930886,582.4819778681466
2021-05-14 11:18:00-04:00,588.52001953125,588.8400268554688,587.8001098632812,587.9683837890625,587.9683837890625,72768,585.8223114013672,587.3492138671875,585.8641066778274,589.2899080502656,582.4383053053892
2021-05-14 11:19:00-04:00,587.8099975585938,588.6754150390625,587.8099975585938,588.2192993164062,588.2192993164062,54714,585.8527801513671,587.413505859375,585.9364536830357,589.4926094116132,582.3802979544581
2021-05-14 11:20:00-04:00,588.1500244140625,588.1500244140625,587.1799926757812,587.5999755859375,587.5999755859375,46165,585.8746795654297,587.46025390625,585.9359799339658,589.4912388313636,582.3807210365679
2021-05-14 11:21:00-04:00,587.7000122070312,589.5,587.6300048828125,587.9500122070312,587.9500122070312,97865,586.0546844482421,587.5024536132812,585.9735049293155,589.5962953854008,582.3507144732301
2021-05-14 11:22:00-04:00,587.9249877929688,587.9699096679688,585.3099975585938,585.6069946289062,585.6069946289062,147625,586.1481384277344,587.4678393554688,586.0333658854166,589.5871845460155,582.4795472248178
2021-05-14 11:23:00-04:00,585.8400268554688,586.0650024414062,584.8300170898438,585.26611328125,585.26611328125,91769,586.2209442138671,587.4229614257813,586.1061372302827,589.5280155660325,582.6842588945328
2021-05-14 11:24:00-04:00,585.280029296875,585.3400268554688,584.8101196289062,585.0,585.0,80322,586.2804443359375,587.3545617675782,586.1628040132068,589.4671376794782,582.8584703469354
2021-05-14 11:25:00-04:00,585.0164184570312,585.6699829101562,584.969970703125,585.2000122070312,585.2000122070312,73930,586.339224243164,587.3071618652343,586.2289951869419,589.3937548055446,583.0642355683392
2021-05-14 11:26:00-04:00,585.326904296875,585.9299926757812,584.8217163085938,584.8900146484375,584.8900146484375,58109,586.3237243652344,587.2701623535156,586.2702142624628,589.3393642179717,583.2010643069539
2021-05-14 11:27:00-04:00,585.0700073242188,585.4099731445312,584.2689819335938,584.2689819335938,584.2689819335938,49851,586.2501739501953,587.220341796875,586.2258794875372,589.3819885825309,583.0697703925435
2021-05-14 11:28:00-04:00,584.280029296875,584.84228515625,583.7999877929688,584.6614990234375,584.6614990234375,57892,586.2736053466797,587.1799719238281,586.1745227632068,589.3955649272301,582.9534805991835
2021-05-14 11:29:00-04:00,584.6699829101562,585.0,583.9199829101562,584.4500122070312,584.4500122070312,66016,586.3176055908203,587.11697265625,586.186767578125,589.3791733022443,582.9943618540057
2021-05-14 11:30:00-04:00,584.2100219726562,585.0,584.02001953125,584.1132202148438,584.1132202148438,45813,586.2832672119141,586.9854370117188,586.212634858631,589.3270155438793,583.0982541733827
2021-05-14 11:31:00-04:00,584.2000122070312,584.869873046875,584.2000122070312,584.760009765625,584.760009765625,34953,586.222769165039,586.8434375,586.2107311430432,589.32863986528,583.0928224208063
2021-05-14 11:32:00-04:00,584.8499755859375,585.0,584.52001953125,584.638916015625,584.638916015625,42227,586.1669647216797,586.6862158203126,586.1473475864956,589.3361669518839,582.9585282211073
2021-05-14 11:33:00-04:00,584.5700073242188,584.948974609375,584.1699829101562,584.8800048828125,584.8800048828125,49744,586.1065460205078,586.5731774902343,586.1056809198288,589.3368586238286,582.8745032158291
2021-05-14 11:34:00-04:00,584.9400024414062,586.2999877929688,584.8054809570312,586.2152709960938,586.2152709960938,64353,586.0606842041016,586.505283203125,586.1117234002976,589.3432263719366,582.8802204286586
2021-05-14 11:35:00-04:00,586.27001953125,587.739990234375,585.77001953125,587.380126953125,587.380126953125,95526,586.0214416503907,586.43978515625,586.1235148111979,589.3717344373838,582.875295185012
2021-05-14 11:36:00-04:00,587.469970703125,587.669921875,586.5999755859375,586.6278076171875,586.6278076171875,61170,585.9063323974609,586.3787438964844,586.0503162202381,589.1772410684734,582.9233913720027
2021-05-14 11:37:00-04:00,586.510009765625,586.5700073242188,584.0,584.103515625,584.103515625,93708,585.6900085449219,586.2762145996094,585.8204839797247,588.7700174246014,582.870950534848
2021-05-14 11:38:00-04:00,584.2069091796875,584.530029296875,582.5999755859375,583.3438720703125,583.3438720703125,130344,585.4587829589843,586.1608898925781,585.5782877604166,588.4650339241465,582.6915415966868
2021-05-14 11:39:00-04:00,583.375,583.7000122070312,582.97998046875,583.4149780273438,583.4149780273438,54328,585.2185668945312,586.0301892089843,585.3614589146206,588.1802014617178,582.5427163675233
2021-05-14 11:40:00-04:00,583.4500122070312,583.635009765625,582.5999755859375,582.77001953125,582.77001953125,58175,584.9770690917969,585.8673815917969,585.1019694010416,587.821318800616,582.3826200014672
2021-05-14 11:41:00-04:00,582.6680297851562,582.8062133789062,581.780029296875,582.218017578125,582.218017578125,74389,584.6904693603516,585.6894421386719,584.845685686384,587.5895700332369,582.101801339531
2021-05-14 11:42:00-04:00,582.25,582.6119995117188,580.7000122070312,580.7999877929688,580.7999877929688,105318,584.4501190185547,585.5276416015626,584.5052083333334,587.395563873473,581.6148527931938
2021-05-14 11:43:00-04:00,580.9464111328125,581.1300048828125,580.27001953125,580.8300170898438,580.8300170898438,69915,584.2283142089843,585.3804418945313,584.2777332124256,587.5191358178382,581.0363306070129
2021-05-14 11:44:00-04:00,580.8599853515625,581.1199951171875,580.3134155273438,580.760009765625,580.760009765625,74618,584.0163146972657,585.2486560058594,584.0631568545386,587.6001324863065,580.5261812227708
2021-05-14 11:45:00-04:00,580.8319702148438,581.5,580.6099853515625,581.4000244140625,581.4000244140625,68994,583.8263153076172,585.1488562011718,583.8917294456845,587.5775614635884,580.2058974277807
2021-05-14 11:46:00-04:00,581.3101196289062,582.2949829101562,581.3101196289062,582.1599731445312,582.1599731445312,75651,583.6898132324219,585.0578161621094,583.7469656808036,587.4548093747915,580.0391219868156
2021-05-14 11:47:00-04:00,582.2844848632812,582.2999877929688,581.5924072265625,581.75,581.75,66143,583.5638641357422,584.9684985351563,583.5974411737351,587.3621387389468,579.8327436085234
2021-05-14 11:48:00-04:00,581.8400268554688,581.91748046875,580.530029296875,580.7819213867188,580.7819213867188,66888,583.3698852539062,584.85013671875,583.431390671503,587.3681093028765,579.4946720401294
2021-05-14 11:49:00-04:00,580.8250122070312,581.5,580.590087890625,581.0750122070312,581.0750122070312,46705,583.2011352539063,584.7194384765625,583.2606055850074,587.2800557891524,579.2411553808624
2021-05-14 11:50:00-04:00,581.1099853515625,581.5499267578125,580.3099975585938,580.4661865234375,580.4661865234375,55730,583.0187835693359,584.5855224609375,583.0708996000744,587.2228860135293,578.9189131866195
2021-05-14 11:51:00-04:00,580.30810546875,580.489990234375,578.8001098632812,578.9677734375,578.9677734375,150455,582.7291717529297,584.4778796386719,582.8258783249628,587.3004661420018,578.3512905079237
2021-05-14 11:52:00-04:00,579.0,579.435302734375,578.5,579.090087890625,579.090087890625,69762,582.4517303466797,584.3849230957031,582.5558820452009,587.2131384485958,577.8986256418059
2021-05-14 11:53:00-04:00,579.22998046875,580.1898803710938,579.0,580.1898803710938,580.1898803710938,72822,582.2172241210938,584.3125207519531,582.3440232049851,587.0077990103738,577.6802473995964
2021-05-14 11:54:00-04:00,580.0808715820312,580.8499755859375,580.010009765625,580.7899780273438,580.7899780273438,59452,581.9459594726562,584.2521203613281,582.1492600213913,586.7128523508209,577.5856676919618
2021-05-14 11:55:00-04:00,580.8283081054688,581.0,580.4500122070312,580.7949829101562,580.7949829101562,66136,581.6167022705079,584.1875317382812,581.8911510649182,586.1023724620144,577.679929667822
2021-05-14 11:56:00-04:00,580.989990234375,580.989990234375,580.2000122070312,580.4534912109375,580.4534912109375,44433,581.3079864501954,584.0926013183594,581.5613112676712,585.0117311220419,578.1108914133005
2021-05-14 11:57:00-04:00,580.2100219726562,581.5399780273438,580.1600952148438,581.5,581.5,50169,581.1778106689453,584.0078015136719,581.3171299525669,583.9123250282759,578.721934876858
2021-05-14 11:58:00-04:00,581.364990234375,582.739990234375,581.1400146484375,582.5300903320312,582.5300903320312,87708,581.1371215820312,583.9745458984376,581.242204938616,583.588200867038,578.8962090101941
2021-05-14 11:59:00-04:00,582.739990234375,583.0,582.318115234375,582.8699951171875,582.8699951171875,84165,581.1098724365235,583.9605456542969,581.2196393694196,583.4916823266996,578.9475964121397
2021-05-14 12:00:00-04:00,582.8900146484375,582.9793090820312,581.3200073242188,581.5700073242188,581.5700073242188,68295,581.0498718261719,583.8959460449219,581.1317836216518,583.1882106627357,579.0753565805679
2021-05-14 12:01:00-04:00,581.606689453125,582.0999145507812,581.4000854492188,581.8699951171875,581.8699951171875,32517,581.032470703125,583.8139465332031,581.0889253162202,583.0410140983414,579.136836534099
2021-05-14 12:02:00-04:00,581.9467163085938,583.3900146484375,581.7780151367188,583.3900146484375,583.3900146484375,72978,581.1619720458984,583.7666467285156,581.1447347005209,583.2825559810983,579.0069134199434
2021-05-14 12:03:00-04:00,583.3699951171875,584.0977783203125,583.3099975585938,583.6491088867188,583.6491088867188,92081,581.3029266357422,583.717861328125,581.2804071335565,583.6632431951065,578.8975710720066
2021-05-14 12:04:00-04:00,583.5499877929688,583.7000122070312,582.8900146484375,583.3200073242188,583.3200073242188,53343,581.4309265136719,583.641611328125,581.3989780970982,583.9250978626188,578.8728583315775
2021-05-14 12:05:00-04:00,583.3800048828125,585.2100219726562,583.3798217773438,584.7899780273438,584.7899780273438,112713,581.6004241943359,583.574111328125,581.5908813476562,584.4827692705477,578.6989934247648
2021-05-14 12:06:00-04:00,584.8400268554688,585.5,584.8400268554688,585.4810791015625,585.4810791015625,64927,581.7664794921875,583.5051330566406,581.7852172851562,585.1184665222196,578.4519680480929
2021-05-14 12:07:00-04:00,585.489990234375,585.5,584.8679809570312,584.8679809570312,584.8679809570312,41230,581.9223785400391,583.4338928222656,581.9141700381324,585.49773226983,578.3306078064348
2021-05-14 12:08:00-04:00,584.9349975585938,584.9893188476562,583.87060546875,584.2160034179688,584.2160034179688,78387,582.0940826416015,583.3588452148438,582.0315987723214,585.746278121438,578.3169194232049
2021-05-14 12:09:00-04:00,584.1500244140625,585.0794067382812,584.1400756835938,584.8699951171875,584.8699951171875,69782,582.2838317871094,583.2918591308594,582.2262689499628,586.0854789250344,578.3670589748912
2021-05-14 12:10:00-04:00,584.969970703125,586.3300170898438,584.75,586.2056274414062,586.2056274414062,72536,582.5708038330079,583.2639721679687,582.4705839611236,586.6466818933529,578.2944860288942
2021-05-14 12:11:00-04:00,586.2100830078125,586.760009765625,586.1300048828125,586.760009765625,586.760009765625,48305,582.960415649414,583.2401721191407,582.7702898297991,587.2244884318409,578.3160912277574
2021-05-14 12:12:00-04:00,586.760009765625,586.8798217773438,585.3599853515625,585.3599853515625,585.3599853515625,65305,583.2739105224609,583.2352319335937,583.0746808733259,587.3146134229269,578.8347483237249
2021-05-14 12:13:00-04:00,585.3800048828125,585.537109375,584.72998046875,585.1699829101562,585.1699829101562,65366,583.522915649414,583.2333093261718,583.3641996837798,587.2926289920264,579.4357703755333
2021-05-14 12:14:00-04:00,585.22998046875,585.8599853515625,585.080078125,585.4000244140625,585.4000244140625,38376,583.75341796875,583.2413098144531,583.6123017810639,587.3599543986003,579.8646491635276
2021-05-14 12:15:00-04:00,585.4000244140625,585.6799926757812,584.8406982421875,585.2305908203125,585.2305908203125,36980,583.9751983642578,583.2419213867188,583.8237595331101,587.4067124674951,580.240806598725
2021-05-14 12:16:00-04:00,585.1500244140625,585.506103515625,584.9400024414062,585.0599975585938,585.0599975585938,28596,584.2055236816407,583.2453210449219,584.02685546875,587.3738959522192,580.6798149852808
2021-05-14 12:17:00-04:00,585.093994140625,585.8099975585938,585.010009765625,585.6400146484375,585.6400146484375,27168,584.4125244140625,583.2727416992187,584.2738327752976,587.2744701044815,581.2731954461137
2021-05-14 12:18:00-04:00,585.5499877929688,586.0999755859375,585.510009765625,585.880126953125,585.880126953125,36403,584.5800262451172,583.2971142578125,584.482410249256,587.2834904091205,581.6813300893914
2021-05-14 12:19:00-04:00,585.97998046875,586.47998046875,585.75,585.9199829101562,585.9199829101562,47208,584.7325256347656,583.326513671875,584.6438337053571,587.3651890006131,581.9224784101011
2021-05-14 12:20:00-04:00,585.989990234375,586.260009765625,585.6779174804688,585.935791015625,585.935791015625,30933,584.950814819336,583.3629650878906,584.7898239862351,587.4423765017191,582.1372714707511
2021-05-14 12:21:00-04:00,585.9199829101562,586.0499877929688,584.4000244140625,584.7191772460938,584.7191772460938,52555,585.0932739257812,583.3621484375,584.9397844587054,587.1657557180055,582.7138131994053
2021-05-14 12:22:00-04:00,584.9000244140625,584.9000244140625,583.6199951171875,583.8720703125,583.8720703125,72955,585.1173767089844,583.3468115234375,585.0351213727679,586.8591753339804,583.2110674115554
2021-05-14 12:23:00-04:00,583.9199829101562,583.9998779296875,583.25,583.52001953125,583.52001953125,62750,585.1109222412109,583.3196118164062,585.0413120814732,586.8435616832858,583.2390624796606
2021-05-14 12:24:00-04:00,583.405029296875,583.814697265625,583.0800170898438,583.14501953125,583.14501953125,54823,585.1021728515625,583.2582067871094,585.0173078264509,586.9052139665432,583.1294016863585
2021-05-14 12:25:00-04:00,583.0800170898438,583.6099853515625,582.4010009765625,582.886474609375,582.886474609375,52182,585.0069976806641,583.1683337402344,584.9966634114584,586.9667523721557,583.026574450761
2021-05-14 12:26:00-04:00,582.969970703125,583.4149780273438,582.64697265625,583.125,583.125,35277,584.889193725586,583.0982775878906,584.9173787434896,587.043541759735,582.7912157272442
2021-05-14 12:27:00-04:00,583.0,583.5700073242188,582.9000244140625,583.3300170898438,583.3300170898438,20972,584.8122955322266,583.0828076171875,584.814947219122,587.028812435322,582.601082002922
2021-05-14 12:28:00-04:00,583.219970703125,584.239990234375,583.219970703125,583.9199829101562,583.9199829101562,43249,584.797494506836,583.0943298339844,584.7698044549851,587.0161987779908,582.5234101319794
2021-05-14 12:29:00-04:00,583.8671264648438,584.0549926757812,583.5399780273438,583.6179809570312,583.6179809570312,28733,584.7348937988281,583.0983898925781,584.7413271949405,587.0301999014025,582.4524544884785
2021-05-14 12:30:00-04:00,583.6162719726562,585.0399780273438,583.6162719726562,584.7702026367188,584.7702026367188,54978,584.6631225585937,583.1383935546875,584.7365751720611,587.0247682071318,582.4483821369903
2021-05-14 12:31:00-04:00,584.8129272460938,586.0,584.5999755859375,585.2683715820312,585.2683715820312,78978,584.5885406494141,583.1994006347657,584.6919439406622,586.8982040097941,582.4856838715303
2021-05-14 12:32:00-04:00,585.1500244140625,585.468017578125,584.8209228515625,584.8209838867188,584.8209838867188,38113,584.5615905761719,583.2798205566406,584.599609375,586.6033273716756,582.5958913783244
2021-05-14 12:33:00-04:00,584.8900146484375,584.9498901367188,584.2778930664062,584.6939697265625,584.6939697265625,27593,584.5377899169922,583.357099609375,584.5678943452381,586.5431117032965,582.5926769871796
2021-05-14 12:34:00-04:00,584.6799926757812,584.6799926757812,583.1900024414062,583.1900024414062,583.1900024414062,43513,584.4272888183593,583.4056994628907,584.4736095610119,586.5133828575096,582.4338362645143
2021-05-14 12:35:00-04:00,583.2000732421875,583.4099731445312,582.0499877929688,582.52001953125,582.52001953125,49730,584.2917602539062,583.4280993652344,584.3364664713541,586.4935555149746,582.1793774277337
2021-05-14 12:36:00-04:00,582.510009765625,582.8599853515625,582.1213989257812,582.6699829101562,582.6699829101562,32133,584.1722595214844,583.4382995605469,584.2145327613467,586.444541604511,581.9845239181825
2021-05-14 12:37:00-04:00,582.60498046875,582.7100219726562,582.3599853515625,582.655029296875,582.655029296875,17538,584.0230102539062,583.4564001464844,584.1000104631696,586.3912729560514,581.8087479702879
2021-05-14 12:38:00-04:00,582.760009765625,582.8800048828125,582.3499755859375,582.4249877929688,582.4249877929688,22686,583.8502532958985,583.4892614746094,583.9469139462426,586.235738941906,581.6580889505792
2021-05-14 12:39:00-04:00,582.3499755859375,582.72998046875,581.885009765625,582.6679077148438,582.6679077148438,47587,583.6876495361328,583.5211193847656,583.793951125372,585.9712645480954,581.6166377026486
2021-05-14 12:40:00-04:00,582.52001953125,582.89599609375,582.4299926757812,582.6099853515625,582.6099853515625,25108,583.5213592529296,583.5639953613281,583.6363321940104,585.646688203611,581.6259761844098
2021-05-14 12:41:00-04:00,582.635009765625,583.5989990234375,582.635009765625,583.2899780273438,583.2899780273438,48751,583.4498992919922,583.650439453125,583.5103410993304,585.2380328236003,581.7826493750605
2021-05-14 12:42:00-04:00,583.4000244140625,583.52001953125,582.840087890625,582.9000244140625,582.9000244140625,30937,583.4012969970703,583.7266381835938,583.4237147739956,585.0806737604563,581.7667557875349
2021-05-14 12:43:00-04:00,582.89501953125,583.1190795898438,581.830078125,581.830078125,581.830078125,36825,583.3167999267578,583.7594421386718,583.3264770507812,585.1031545119569,581.5497995896056
2021-05-14 12:44:00-04:00,581.8493041992188,581.8493041992188,581.030029296875,581.10498046875,581.10498046875,64687,583.2147979736328,583.7657421875,583.2114751906622,585.2224362623527,581.2005141189717
2021-05-14 12:45:00-04:00,581.0999755859375,582.77001953125,581.0001220703125,582.5900268554688,582.5900268554688,44486,583.1999755859375,583.8016430664062,583.185046968006,585.2134650040749,581.156628931937
2021-05-14 12:46:00-04:00,582.77001953125,583.489990234375,582.6900024414062,583.030029296875,583.030029296875,51062,583.1952270507812,583.853173828125,583.191882905506,585.2171690459371,581.1665967650748
2021-05-14 12:47:00-04:00,583.1463012695312,583.6300048828125,582.4758911132812,582.7373046875,582.7373046875,58807,583.1655914306641,583.877919921875,583.1734212239584,585.2079338369509,581.1389086109658
2021-05-14 12:48:00-04:00,582.6201171875,582.8800048828125,582.239990234375,582.830078125,582.830078125,33036,583.1110961914062,583.8839196777344,583.1496146065848,585.1879689621622,581.1112602510074
2021-05-14 12:49:00-04:00,582.8900146484375,583.07373046875,582.713623046875,582.7750244140625,582.7750244140625,18847,583.0689483642578,583.8820202636718,583.0950927734375,585.109008581389,581.081176965486
2021-05-14 12:50:00-04:00,582.760009765625,583.5,582.27001953125,582.2901000976562,582.2901000976562,34421,582.9449432373046,583.8964221191407,583.0318603515625,585.059588698926,581.004132004199
2021-05-14 12:51:00-04:00,582.4400024414062,582.4600219726562,581.9512939453125,582.2963256835938,582.2963256835938,25697,582.7963409423828,583.9049487304687,582.914056687128,584.8059307900027,581.0221825842533
2021-05-14 12:52:00-04:00,582.239990234375,582.239990234375,581.2000122070312,581.42138671875,581.42138671875,35646,582.6263610839844,583.865576171875,582.7308669317337,584.4063158651612,581.0554179983061
2021-05-14 12:53:00-04:00,581.5211181640625,581.646484375,581.22998046875,581.3115844726562,581.3115844726562,15706,582.457241821289,583.8188256835938,582.5637526739212,584.0611771543649,581.0663281934774
2021-05-14 12:54:00-04:00,581.4097900390625,581.4097900390625,580.4099731445312,580.780029296875,580.780029296875,58591,582.3367431640625,583.7680261230469,582.3773745582217,583.7344569294802,581.0202921869633
2021-05-14 12:55:00-04:00,580.7550048828125,581.2280883789062,580.67041015625,581.2091064453125,581.2091064453125,27576,582.2711975097657,583.6964086914063,582.2830461774554,583.6762795531724,580.8898128017383
2021-05-14 12:56:00-04:00,581.1099853515625,581.8300170898438,580.9199829101562,581.8300170898438,581.8300170898438,42367,582.22919921875,583.6233874511719,582.2501889183408,583.6521088773992,580.8482689592823
2021-05-14 12:57:00-04:00,581.9099731445312,582.3986206054688,581.8300170898438,582.092529296875,582.092529296875,45560,582.20107421875,583.5678784179687,582.2226911272321,583.6131063016131,580.8322759528511
2021-05-14 12:58:00-04:00,582.0825805664062,582.7949829101562,582.0825805664062,582.239990234375,582.239990234375,37255,582.1918243408203,583.5283581542968,582.2029273623511,583.5798200146882,580.8260347100141
2021-05-14 12:59:00-04:00,582.32177734375,582.3499755859375,581.5219116210938,581.72998046875,581.72998046875,27602,582.1449279785156,583.4655578613281,582.1698317754837,583.5572422432751,580.7824213076922
2021-05-14 13:00:00-04:00,581.5599975585938,581.6614990234375,580.510009765625,580.8699951171875,580.8699951171875,35589,582.0579284667969,583.3588452148438,582.084216889881,583.5580634876394,580.6103702921225
2021-05-14 13:01:00-04:00,580.969970703125,581.8599853515625,580.9299926757812,581.5059814453125,581.5059814453125,43249,581.9687286376953,583.2537646484375,582.0316452752976,583.5054843458317,580.5578062047634
2021-05-14 13:02:00-04:00,581.3400268554688,581.469970703125,579.2000122070312,579.2000122070312,579.2000122070312,93845,581.7837280273437,583.1305651855469,581.8368849981399,583.6410977171864,580.0326722790934
2021-05-14 13:03:00-04:00,579.2000122070312,579.4199829101562,578.5,579.0900268554688,579.0900268554688,62315,581.6467254638671,583.0089660644531,581.6554565429688,583.7422234462466,579.5686896396909
2021-05-14 13:04:00-04:00,579.0,579.4600219726562,578.9199829101562,579.0899047851562,579.0899047851562,32512,581.5459716796875,582.882763671875,581.5249720982143,583.8796147781774,579.1703294182513
2021-05-14 13:05:00-04:00,579.0399780273438,579.5123901367188,578.6201171875,578.6412963867188,578.6412963867188,42290,581.34853515625,582.7509777832031,581.4076538085938,584.0632517433183,578.7520558738692
2021-05-14 13:06:00-04:00,578.7449951171875,578.97998046875,578.2000122070312,578.52001953125,578.52001953125,58867,581.1230346679688,582.6201782226562,581.2138439360119,584.0833043722171,578.3443834998068
2021-05-14 13:07:00-04:00,578.4902954101562,578.52001953125,577.4199829101562,577.7899780273438,577.7899780273438,81445,580.8756683349609,582.4631774902343,580.9643176850818,584.062833101072,577.8658022690917
2021-05-14 13:08:00-04:00,577.8400268554688,578.2899780273438,577.6699829101562,578.1032104492188,578.1032104492188,59767,580.6393249511718,582.3076391601562,580.743646530878,583.9643496839444,577.5229433778115
2021-05-14 13:09:00-04:00,578.239990234375,579.6400146484375,578.0599975585938,579.5419921875,579.5419921875,62454,580.4776733398437,582.1800793457031,580.5870710100446,583.7039983197476,577.4701437003416
2021-05-14 13:10:00-04:00,579.530517578125,579.6085205078125,578.8099975585938,578.9650268554688,578.9650268554688,46281,580.3114196777344,582.0406640625,580.4056425548736,583.433565264954,577.3777198447931
2021-05-14 13:11:00-04:00,579.1199951171875,579.896484375,578.9613037109375,579.72998046875,579.72998046875,44413,580.1831024169921,581.9408801269532,580.2837320963541,583.201598484802,577.3658657079062
2021-05-14 13:12:00-04:00,579.8300170898438,579.8400268554688,579.2200927734375,579.7000122070312,579.7000122070312,31013,580.0970336914063,581.8574389648437,580.1600981212798,582.9421313437784,577.3780648987812
2021-05-14 13:13:00-04:00,579.6599731445312,580.5,579.6599731445312,579.710205078125,579.710205078125,62588,580.0169647216796,581.7812426757813,580.07861328125,582.8073920479022,577.3498345145978
2021-05-14 13:14:00-04:00,579.8400268554688,580.239990234375,579.6099853515625,579.6414794921875,579.6414794921875,34651,579.9600372314453,581.711171875,579.9990844726562,582.6759149744024,577.3222539709101
2021-05-14 13:15:00-04:00,579.6400146484375,579.7100219726562,578.5,578.5999755859375,578.5999755859375,47956,579.8295806884765,581.6254418945313,579.8952723911831,582.612035853413,577.1785089289532
2021-05-14 13:16:00-04:00,578.8482055664062,579.0999755859375,578.5,578.9400024414062,578.9400024414062,27621,579.6850799560547,581.5417419433594,579.7872198195685,582.4662922460179,577.108147393119
2021-05-14 13:17:00-04:00,578.9299926757812,579.3070068359375,578.5625,579.1309204101562,579.1309204101562,21411,579.5369995117187,581.4577600097656,579.65869140625,582.1869269711854,577.1304558413146
2021-05-14 13:18:00-04:00,579.10498046875,579.91357421875,578.9000244140625,579.52001953125,579.52001953125,35679,579.4010009765625,581.3697607421875,579.5361909412202,581.8159582874429,577.2564235949975
2021-05-14 13:19:00-04:00,579.5900268554688,580.0,579.4400024414062,579.7050170898438,579.7050170898438,42385,579.2997528076172,581.2915014648438,579.4154779343378,581.3493419044675,577.4816139642081
2021-05-14 13:20:00-04:00,579.7150268554688,580.2866821289062,579.5598754882812,580.2150268554688,580.2150268554688,28802,579.2670043945312,581.2003979492188,579.3433372860864,581.0204397034055,577.6662348687672
2021-05-14 13:21:00-04:00,580.2100219726562,580.989990234375,580.0,580.7750244140625,580.7750244140625,60081,579.2304565429688,581.1105310058593,579.3388148716518,580.9997254570134,577.6779042862903
2021-05-14 13:22:00-04:00,580.8599243164062,581.5,580.52001953125,580.5938110351562,580.5938110351562,68725,579.300146484375,581.0259875488281,579.2953781854538,580.7621492526883,577.8286071182193
2021-05-14 13:23:00-04:00,580.7249755859375,580.9600219726562,579.8699951171875,580.0767211914062,580.0767211914062,49488,579.3494812011719,580.933642578125,579.3371262323288,580.840424075129,577.8338283895287
2021-05-14 13:24:00-04:00,579.976318359375,580.2000122070312,579.7546997070312,580.1900024414062,580.1900024414062,24243,579.4044860839844,580.873642578125,579.3895060221354,580.9312024784248,577.847809565846
2021-05-14 13:25:00-04:00,580.0800170898438,580.7100219726562,579.760009765625,580.7100219726562,580.7100219726562,27762,579.5079223632813,580.8374426269531,579.4666544596354,581.1008272110707,577.8324817082
2021-05-14 13:26:00-04:00,580.780029296875,581.4500122070312,580.7100219726562,581.3900146484375,581.3900146484375,52471,579.6514221191406,580.8118432617188,579.5975458054315,581.38111798884,577.8139736220231
2021-05-14 13:27:00-04:00,581.3300170898438,581.3499145507812,580.5499877929688,580.8568115234375,580.8568115234375,26425,579.8047637939453,580.77587890625,579.7088216145834,581.5012382532943,577.9164049758724
2021-05-14 13:28:00-04:00,580.7219848632812,581.0750122070312,580.5999755859375,580.7899780273438,580.7899780273438,19729,579.9391021728516,580.7431787109375,579.8516787574405,581.4788629969495,578.2244945179315
2021-05-14 13:29:00-04:00,580.802490234375,581.1298828125,580.719970703125,580.7899780273438,580.7899780273438,18916,580.0015014648437,580.7056201171876,579.9796200706845,581.4505360747143,578.5087040666548
2021-05-14 13:30:00-04:00,580.8400268554688,581.0,580.3740844726562,580.739990234375,580.739990234375,27551,580.0902496337891,580.6682202148437,580.0366675967261,581.5282215850424,578.5451136084099
2021-05-14 13:31:00-04:00,580.8099975585938,580.8800048828125,579.5139770507812,579.5750122070312,579.5750122070312,34386,580.0825012207031,580.5939208984375,580.0657145182291,581.4945881429204,578.6368408935379
2021-05-14 13:32:00-04:00,579.4000244140625,579.489990234375,578.0499877929688,578.2750854492188,578.2750854492188,82739,580.0112548828125,580.5014221191407,579.9964338030134,581.6140073993498,578.3788602066769
2021-05-14 13:33:00-04:00,578.2899780273438,578.2899780273438,576.25,576.9923706054688,576.9923706054688,120521,579.8753631591796,580.40466796875,579.8674984886533,581.9329320607782,577.8020649165284
2021-05-14 13:34:00-04:00,576.9199829101562,577.8599853515625,576.739990234375,577.5900268554688,577.5900268554688,58989,579.7727905273438,580.3343688964844,579.7665376209077,582.0504910352686,577.4825842065468
2021-05-14 13:35:00-04:00,577.5900268554688,577.909912109375,577.3400268554688,577.3900146484375,577.3900146484375,37967,579.7122924804687,580.2303686523437,579.6593250093006,582.1597079938704,577.1589420247308
2021-05-14 13:36:00-04:00,577.5,578.1799926757812,577.4199829101562,578.0001220703125,578.0001220703125,33880,579.6652984619141,580.1297705078125,579.6307605561756,582.192372374671,577.0691487376802
2021-05-14 13:37:00-04:00,578.0938720703125,578.6433715820312,577.9099731445312,578.4299926757812,578.4299926757812,41408,579.6302520751954,580.0436242675781,579.6064743768601,582.2035448259124,577.0094039278077
2021-05-14 13:38:00-04:00,578.3499755859375,578.4475708007812,577.9600830078125,578.3319091796875,578.3319091796875,33327,579.5708465576172,579.9536608886718,579.5684262230283,582.2156008367665,576.92125160929
2021-05-14 13:39:00-04:00,578.5,578.72998046875,577.6799926757812,577.7349853515625,577.7349853515625,31020,579.4723449707031,579.8528601074219,579.4834245954241,582.2445143913194,576.7223347995289
2021-05-14 13:40:00-04:00,577.6599731445312,578.58642578125,577.5,577.5,577.5,32630,579.3365936279297,579.7570581054688,579.378423781622,582.2637921564623,576.4930554067818
2021-05-14 13:41:00-04:00,577.5700073242188,577.6900024414062,576.489990234375,576.9000244140625,576.9000244140625,75774,579.1428436279297,579.6491320800782,579.2205665225074,582.2652738010133,576.1758592440015
2021-05-14 13:42:00-04:00,576.7999877929688,577.14990234375,575.9600219726562,575.9713745117188,575.9713745117188,55920,578.9117218017578,579.5401318359375,578.9918212890625,582.2510985823044,575.7325439958206
2021-05-14 13:43:00-04:00,576.0,576.5484008789062,575.77001953125,576.4500122070312,576.4500122070312,43401,578.7303863525391,579.442900390625,578.7944975353423,582.1432093862688,575.4457856844158
2021-05-14 13:44:00-04:00,576.25,577.0499267578125,576.22998046875,576.85009765625,576.85009765625,37887,578.5633911132812,579.3643017578125,578.6408487955729,582.0362929582503,575.2454046328954
2021-05-14 13:45:00-04:00,576.969970703125,576.969970703125,575.510009765625,575.8715209960938,575.8715209960938,45011,578.3214660644531,579.2575500488281,578.4352068219866,581.9523916810494,574.9180219629238
2021-05-14 13:46:00-04:00,575.72998046875,576.8699951171875,575.510009765625,576.8699951171875,576.8699951171875,43269,578.0954650878906,579.158349609375,578.2523484002976,581.674674550615,574.8300222499802
2021-05-14 13:47:00-04:00,576.7349853515625,577.3587036132812,576.380126953125,576.380126953125,576.380126953125,46501,577.871630859375,579.0441015625,578.0137823195685,581.2176874005611,574.8098772385758
2021-05-14 13:48:00-04:00,576.469970703125,577.219970703125,576.469970703125,576.8900146484375,576.8900146484375,30124,577.6766326904296,578.9371020507813,577.8248872302827,580.7932373510034,574.8565371095619
2021-05-14 13:49:00-04:00,576.8300170898438,577.1799926757812,576.7100219726562,577.0850219726562,577.0850219726562,22193,577.4913848876953,578.8442028808594,577.6484607514881,580.3134132242761,574.9835082787
2021-05-14 13:50:00-04:00,577.030029296875,578.4888916015625,577.010009765625,578.02001953125,578.02001953125,75056,577.3553863525391,578.7872033691406,577.5165579659598,579.7887039705247,575.2444119613949
2021-05-14 13:51:00-04:00,578.0050048828125,578.168212890625,577.6699829101562,578.1134033203125,578.1134033203125,28269,577.2823059082032,578.7193518066406,577.3914823986236,579.1725377973696,575.6104269998775
2021-05-14 13:52:00-04:00,578.1531982421875,578.6494140625,577.530029296875,577.9600219726562,577.9600219726562,51674,577.266552734375,578.6945520019531,577.3145781017486,578.8293685090513,575.7997876944459
2021-05-14 13:53:00-04:00,578.0139770507812,578.2999877929688,577.3800048828125,578.046875,578.046875,43334,577.3192779541016,578.6736889648438,577.3037109375,578.7936472166043,575.8137746583957
2021-05-14 13:54:00-04:00,577.9506225585938,577.9669799804688,577.47998046875,577.9093017578125,577.9093017578125,16163,577.3352416992187,578.6500769042968,577.3473743257068,578.8520485602905,575.8427000911231
2021-05-14 13:55:00-04:00,577.9387817382812,578.0999755859375,577.6099853515625,578.0999755859375,578.0999755859375,23332,577.3707397460937,578.6392504882813,577.3716575985864,578.9076107355276,575.8357044616452
2021-05-14 13:56:00-04:00,578.0399780273438,578.6699829101562,577.6099853515625,578.3278198242188,578.3278198242188,55667,577.3871246337891,578.6354064941406,577.4163149879092,579.0058593958533,575.8267705799651
2021-05-14 13:57:00-04:00,578.3300170898438,579.1500244140625,578.3101196289062,578.9400024414062,578.9400024414062,61748,577.4126251220703,578.6584069824219,577.4610711960565,579.1637285772932,575.7584138148198
2021-05-14 13:58:00-04:00,578.9199829101562,579.1500244140625,578.6099853515625,578.7200927734375,578.7200927734375,34881,577.4320343017578,578.6707446289063,577.4748854864212,579.2133959942746,575.7363749785677
2021-05-14 13:59:00-04:00,578.7949829101562,578.7979125976562,577.853271484375,577.9650268554688,577.9650268554688,62958,577.4435363769531,578.6392053222656,577.4574148995536,579.1680439881972,575.74678581091
2021-05-14 14:00:00-04:00,577.989990234375,578.0233764648438,576.8499755859375,577.239990234375,577.239990234375,52761,577.4305358886719,578.6047045898438,577.433843703497,579.1421446664965,575.7255427404975
2021-05-14 14:01:00-04:00,577.2703857421875,577.7449951171875,576.9199829101562,577.27001953125,577.27001953125,41831,577.4490356445312,578.5555053710938,577.4228922526041,579.1323140401588,575.7134704650495
2021-05-14 14:02:00-04:00,577.3292846679688,577.5256958007812,576.8400268554688,577.0399780273438,577.0399780273438,31449,577.5024658203125,578.5023046875,577.4295567103794,579.1317888319563,575.7273245888025
2021-05-14 14:03:00-04:00,577.0368041992188,578.1649780273438,577.0368041992188,578.1649780273438,578.1649780273438,38163,577.5882141113282,578.4714001464844,577.5340140206473,579.130587849722,575.9374401915726
2021-05-14 14:04:00-04:00,578.2484130859375,579.75,578.1599731445312,579.4400024414062,579.4400024414062,113864,577.7177093505859,578.4673706054688,577.6763945079986,579.3908499783822,575.9619390376149
2021-05-14 14:05:00-04:00,579.364990234375,579.6900024414062,579.280029296875,579.6799926757812,579.6799926757812,39651,577.9081329345703,578.4889709472657,577.8111514136905,579.6835962059996,575.9387066213814
2021-05-14 14:06:00-04:00,579.72998046875,580.2999267578125,579.4700927734375,579.9119873046875,579.9119873046875,65569,578.0602325439453,578.5084106445313,578.0035545712426,579.8695227390258,576.1375864034594
2021-05-14 14:07:00-04:00,580.0,580.1900024414062,579.75,579.760009765625,579.760009765625,33822,578.2292266845703,578.5209924316406,578.1411743164062,580.0779811494681,576.2043674833444
2021-05-14 14:08:00-04:00,579.760009765625,579.760009765625,579.1500854492188,579.4199829101562,579.4199829101562,36001,578.3557250976562,578.5189916992188,578.2859293619791,580.1257994175055,576.4460593064528
2021-05-14 14:09:00-04:00,579.4500122070312,579.97998046875,579.3280029296875,579.89990234375,579.89990234375,34664,578.496469116211,578.5228894042968,578.4292573474702,580.2808313614464,576.577683333494
2021-05-14 14:10:00-04:00,579.8651733398438,579.8651733398438,579.25,579.5980224609375,579.5980224609375,33659,578.5753692626953,578.5105493164062,578.5489240373884,580.3616194251416,576.7362286496351
2021-05-14 14:11:00-04:00,579.469970703125,579.6900024414062,578.6500244140625,578.9375,578.9375,44631,578.6165740966796,578.473798828125,578.5926135835193,580.3963417020382,576.7888854650005
2021-05-14 14:12:00-04:00,579.0800170898438,579.9600219726562,578.9710083007812,579.8165893554688,579.8165893554688,43045,578.7094024658203,578.4582543945312,578.6737176804315,580.5366590674845,576.8107762933786
2021-05-14 14:13:00-04:00,579.7349853515625,580.1298828125,579.5599975585938,579.9650268554688,579.9650268554688,29134,578.8053100585937,578.4560205078125,578.7691941034226,580.6813216815751,576.85706652527
2021-05-14 14:14:00-04:00,579.9000244140625,581.2000122070312,579.8499755859375,580.590087890625,580.590087890625,145131,578.9393493652344,578.4640222167968,578.8902994791666,580.9234561274989,576.8571428308344
2021-05-14 14:15:00-04:00,580.6400146484375,581.3699951171875,580.405029296875,581.1807250976562,581.1807250976562,53943,579.0933868408204,578.4734362792968,579.0460815429688,581.2503156846938,576.8418474012437
2021-05-14 14:16:00-04:00,581.2849731445312,581.5,581.0599975585938,581.5,581.5,79721,579.2519958496093,578.4756359863281,579.2079874674479,581.6033221752083,576.8126527596875
2021-05-14 14:17:00-04:00,581.4500122070312,581.489990234375,580.7899780273438,580.7899780273438,580.7899780273438,41971,579.3444946289062,578.4742993164062,579.3252330961682,581.7775979317503,576.8728682605861
2021-05-14 14:18:00-04:00,580.8699951171875,581.0599975585938,580.3099975585938,580.8452758789062,580.8452758789062,70195,579.4507537841797,578.4754052734374,579.4159604027158,581.9450297388363,576.8868910665952
2021-05-14 14:19:00-04:00,580.7993774414062,581.3900146484375,580.7755737304688,581.0999755859375,581.0999755859375,44473,579.6075012207032,578.4816052246093,579.5292881556919,582.1362204979669,576.922355813417
2021-05-14 14:20:00-04:00,581.1400146484375,581.489990234375,580.9100952148438,581.3599853515625,581.3599853515625,43742,579.8135009765625,578.4940051269531,579.6909528459821,582.3109562658875,577.0709494260767
2021-05-14 14:21:00-04:00,581.3800048828125,581.5,580.7999877929688,580.7999877929688,580.7999877929688,35118,579.9899993896485,578.5185046386719,579.8604765392486,582.2751982490146,577.4457548294826
2021-05-14 14:22:00-04:00,580.8380126953125,580.8380126953125,580.0399780273438,580.7249755859375,580.7249755859375,43870,580.1742492675781,578.5675024414063,580.0249982561384,582.164228436664,577.8857680756128
2021-05-14 14:23:00-04:00,580.7999877929688,581.5900268554688,580.77001953125,581.5,581.5,66399,580.3410003662109,578.6576550292968,580.2373802548364,581.9982771743727,578.4764833353
2021-05-14 14:24:00-04:00,581.5399780273438,581.5399780273438,581.0615234375,581.2999267578125,581.2999267578125,36129,580.4339965820312,578.7318530273437,580.3866635277158,581.9367505313672,578.8365765240643
2021-05-14 14:25:00-04:00,581.2999877929688,581.5,581.2100219726562,581.335693359375,581.335693359375,31824,580.5167816162109,578.8107666015625,580.4769345238095,582.0166625427648,578.9372065048542
2021-05-14 14:26:00-04:00,581.3049926757812,581.7899780273438,581.1799926757812,581.6901245117188,581.6901245117188,51480,580.6056884765625,578.8845666503906,580.5726550874256,582.1520600488456,578.9932501260056
2021-05-14 14:27:00-04:00,581.7999877929688,582.9697875976562,581.5800170898438,582.84619140625,582.84619140625,131119,580.7599975585938,578.972890625,580.7123790922619,582.5357789727183,578.8889792118056
2021-05-14 14:28:00-04:00,582.7600708007812,583.4099731445312,582.6400756835938,583.4000244140625,583.4000244140625,66216,580.9589996337891,579.0742529296875,580.8857131231399,582.9873449549177,578.7840812913621
2021-05-14 14:29:00-04:00,583.4000244140625,583.719970703125,583.1517944335938,583.39208984375,583.39208984375,68525,581.1336090087891,579.1873950195312,581.0748610723587,583.3257537074584,578.8239684372589
2021-05-14 14:30:00-04:00,583.4000244140625,584.0800170898438,583.4000244140625,583.9299926757812,583.9299926757812,62883,581.3502075195313,579.3159948730469,581.2667701357886,583.7604786794093,578.773061592168
2021-05-14 14:31:00-04:00,583.9967041015625,584.4400024414062,583.9967041015625,584.3419189453125,584.3419189453125,57640,581.6204284667969,579.4648327636719,581.492669968378,584.1934595014854,578.7918804352705
2021-05-14 14:32:00-04:00,584.3790283203125,584.5098876953125,584.0900268554688,584.4420166015625,584.4420166015625,51727,581.8516998291016,579.6342456054688,581.7547898065476,584.4813056751649,579.0282739379303
2021-05-14 14:33:00-04:00,584.4219970703125,584.5734252929688,583.719970703125,583.844970703125,583.844970703125,45895,582.0456970214843,579.7821447753906,581.9466174897693,584.667473260542,579.2257617189966
2021-05-14 14:34:00-04:00,583.844970703125,584.4299926757812,583.739990234375,584.4000854492188,584.4000854492188,57445,582.236196899414,579.93314453125,582.1578107561384,584.9191744119616,579.3964471003151
2021-05-14 14:35:00-04:00,584.47998046875,584.6300048828125,583.8300170898438,584.5825805664062,584.5825805664062,69815,582.4062896728516,580.1073657226563,582.3479294549851,585.2003988824302,579.4954600275399
2021-05-14 14:36:00-04:00,584.489990234375,584.7000122070312,583.8599853515625,584.1099853515625,584.1099853515625,57347,582.5367889404297,580.2521655273438,582.4874180385044,585.3844497699916,579.5903863070172
2021-05-14 14:37:00-04:00,584.1599731445312,584.5900268554688,583.9299926757812,584.0,584.0,46987,582.6972900390625,580.4045629882812,582.6064656575521,585.5369621858555,579.6759691292488
2021-05-14 14:38:00-04:00,584.1500244140625,584.6104125976562,584.1500244140625,584.4949951171875,584.4949951171875,31864,582.8797760009766,580.5566625976562,582.7828950427827,585.7006889847132,579.8651011008521
2021-05-14 14:39:00-04:00,584.5499877929688,584.7100219726562,583.8400268554688,583.8400268554688,583.8400268554688,58333,583.0167785644531,580.6917626953125,582.9255022321429,585.7406407734242,580.1103636908616
2021-05-14 14:40:00-04:00,583.7999877929688,584.4000244140625,583.7999877929688,584.219970703125,584.219970703125,50362,583.1597778320313,580.81576171875,583.0740734281994,585.8159178493809,580.332229007018
2021-05-14 14:41:00-04:00,584.22998046875,584.6199951171875,584.22998046875,584.37060546875,584.37060546875,41102,583.3383087158203,580.9409057617188,583.2174362909226,585.8994770621377,580.5353955197074
2021-05-14 14:42:00-04:00,584.4600219726562,586.4099731445312,584.4199829101562,586.0999755859375,586.0999755859375,135324,583.6070587158204,581.1037048339844,583.4698166620163,586.1919273354459,580.7477059885867
2021-05-14 14:43:00-04:00,586.1088256835938,587.3300170898438,586.0700073242188,587.0700073242188,587.0700073242188,101384,583.8855590820312,581.2841674804688,583.771961030506,586.6152175124645,580.9287045485474
2021-05-14 14:44:00-04:00,587.0391235351562,587.5900268554688,586.9400024414062,587.563720703125,587.563720703125,71538,584.1987487792969,581.477255859375,584.0607096354166,587.1458247665495,580.9755945042838
2021-05-14 14:45:00-04:00,587.5499877929688,587.7000122070312,586.9400024414062,587.1699829101562,587.1699829101562,79832,584.4904632568359,581.6586560058594,584.3402361188616,587.4379277740968,581.2425444636265
2021-05-14 14:46:00-04:00,587.1699829101562,587.4500122070312,586.8200073242188,586.8499755859375,586.8499755859375,73051,584.7484558105468,581.8290991210938,584.6028209867932,587.56820134639,581.6374406271964
2021-05-14 14:47:00-04:00,586.9099731445312,587.5999145507812,586.219970703125,586.5499877929688,586.5499877929688,100701,584.9336456298828,581.981298828125,584.8342430478051,587.6048291116391,582.0636569839711
2021-05-14 14:48:00-04:00,586.6099853515625,586.9500122070312,585.5800170898438,585.5800170898438,585.5800170898438,73256,585.0426452636718,582.1184973144532,584.9644252232143,587.6017440021318,582.3271064442969
2021-05-14 14:49:00-04:00,585.590576171875,586.5798950195312,585.52001953125,586.530029296875,586.530029296875,56434,585.1995422363282,582.2897973632812,585.1134730747768,587.7338861146713,582.4930600348823
2021-05-14 14:50:00-04:00,586.4979858398438,586.6799926757812,585.8400268554688,586.2899780273438,586.2899780273438,53272,585.3175415039062,582.4707971191406,585.2514677501861,587.7983205946633,582.7046149057088
2021-05-14 14:51:00-04:00,586.3402099609375,586.8756713867188,586.1699829101562,586.6502075195312,586.6502075195312,53041,585.4329559326172,582.6584008789063,585.3810017903646,587.9224873279484,582.8395162527809
2021-05-14 14:52:00-04:00,586.52001953125,588.0,586.5,587.8499755859375,587.8499755859375,119055,585.6033538818359,582.8746008300782,585.5480521065848,588.2517690869514,582.8443351262182
2021-05-14 14:53:00-04:00,587.830078125,588.5,587.760009765625,588.4400024414062,588.4400024414062,81360,585.83310546875,583.0801013183594,585.7384323846726,588.6599644034043,582.8169003659409
2021-05-14 14:54:00-04:00,588.4998779296875,589.22998046875,588.2000122070312,589.22998046875,589.22998046875,98087,586.0746002197266,583.2759008789062,585.994861421131,589.1449560582894,582.8447667839725
2021-05-14 14:55:00-04:00,589.22998046875,589.530029296875,588.760009765625,589.02001953125,589.02001953125,81684,586.2964721679688,583.4627014160156,586.2148582821801,589.5310591826659,582.8986573816943
2021-05-14 14:56:00-04:00,589.0399780273438,589.1799926757812,588.1900024414062,588.8695068359375,588.8695068359375,86886,586.5344482421875,583.6418518066406,586.4189976283482,589.835274411482,583.0027208452143
2021-05-14 14:57:00-04:00,589.02001953125,589.1099243164062,587.8499755859375,587.9949951171875,587.9949951171875,60620,586.7341979980469,583.8065515136718,586.603998093378,589.9184956541471,583.2895005326088
2021-05-14 14:58:00-04:00,588.1046752929688,588.34619140625,587.7999877929688,587.8751831054688,587.8751831054688,48878,586.903207397461,583.9756555175782,586.7885306222098,589.9280314110089,583.6490298334107
2021-05-14 14:59:00-04:00,587.85498046875,588.1900024414062,587.489990234375,588.031005859375,588.031005859375,58505,587.1127563476563,584.1382775878906,586.9569120861236,589.9616124216059,583.9522117506413
2021-05-14 15:00:00-04:00,588.0999755859375,588.4298706054688,587.2899780273438,587.469970703125,587.469970703125,65651,587.2752563476563,584.2957165527343,587.1297665550595,589.7928872919219,584.4666458181971
2021-05-14 15:01:00-04:00,587.5700073242188,587.7000122070312,585.6699829101562,585.8311157226562,585.8311157226562,110035,587.3482818603516,584.4335888671875,587.2064877464658,589.6077554482915,584.80522004464
2021-05-14 15:02:00-04:00,586.0,586.7999877929688,585.8610229492188,586.1099853515625,586.1099853515625,75292,587.3487823486328,584.5594567871094,587.2893153599331,589.3927895808712,585.185841138995
2021-05-14 15:03:00-04:00,586.0695190429688,586.3200073242188,585.2000122070312,585.7100219726562,585.7100219726562,80768,587.2807830810547,584.6743566894531,587.270746140253,589.4226266864567,585.1188655940492
2021-05-14 15:04:00-04:00,585.7100219726562,586.6900024414062,585.7100219726562,586.6900024414062,586.6900024414062,67956,587.2370971679687,584.7963549804688,587.2526506696429,589.4174394646111,585.0878618746747
2021-05-14 15:05:00-04:00,586.6599731445312,587.9498901367188,586.3035278320312,586.5999755859375,586.5999755859375,113102,587.2085968017578,584.9047399902344,587.2067580450149,589.3841536627505,585.0293624272794
2021-05-14 15:06:00-04:00,586.5186157226562,587.7000122070312,585.7899169921875,587.3699951171875,587.3699951171875,61230,587.2345977783203,585.0221398925781,587.2162824358259,589.394709442431,585.0378554292207
2021-05-14 15:07:00-04:00,587.2349853515625,587.5900268554688,586.5800170898438,587.0999755859375,587.0999755859375,71340,587.2620971679687,585.14833984375,587.2281871977307,589.4011569275192,585.0552174679422
2021-05-14 15:08:00-04:00,587.25,587.25,586.44189453125,586.8101196289062,586.8101196289062,46919,587.3236022949219,585.26763671875,587.2405744280134,589.4007601362824,585.0803887197443
2021-05-14 15:09:00-04:00,587.082275390625,587.3798828125,586.3300170898438,586.6500244140625,586.6500244140625,44238,587.3296020507812,585.3786376953125,587.2915271577381,589.3392739135729,585.2437804019032
2021-05-14 15:10:00-04:00,586.6500244140625,587.1912841796875,586.530029296875,586.8200073242188,586.8200073242188,40473,587.356103515625,585.4878381347656,587.3053356352307,589.3360546779973,585.2746165924641
2021-05-14 15:11:00-04:00,586.9000244140625,587.3300170898438,586.760009765625,586.8900146484375,586.8900146484375,51299,587.3680938720703,585.609638671875,587.3339088076636,589.3227863097636,585.3450313055637
2021-05-14 15:12:00-04:00,586.8201293945312,586.9299926757812,586.1500854492188,586.1699829101562,586.1699829101562,43396,587.2840942382812,585.7185388183593,587.311040969122,589.3417926368752,585.2802893013688
2021-05-14 15:13:00-04:00,586.1400146484375,586.4600219726562,585.8001098632812,585.9818725585938,585.9818725585938,66844,587.1611877441406,585.8081762695313,587.2220836821057,589.3138743120528,585.1302930521585
2021-05-14 15:14:00-04:00,586.1102905273438,588.4400024414062,586.1102905273438,588.1832275390625,588.1832275390625,98619,587.1088500976563,585.9458422851562,587.2098563058036,589.2756517258523,585.1440608857548
2021-05-14 15:15:00-04:00,588.02001953125,589.4998779296875,588.0,589.2999877929688,589.2999877929688,131895,587.1228485107422,586.1051281738281,587.2131899879092,589.2923091584411,585.1340708173774
2021-05-14 15:16:00-04:00,589.2249145507812,591.4500122070312,589.2000122070312,591.1326904296875,591.1326904296875,229355,587.2360076904297,586.2939794921875,587.3137933640253,589.8839425147071,584.7436442133435
2021-05-14 15:17:00-04:00,591.1599731445312,591.239990234375,590.2501220703125,590.739990234375,590.739990234375,91330,587.373257446289,586.45185546875,587.4028640020462,590.2948491505007,584.5108788535916
2021-05-14 15:18:00-04:00,590.6621704101562,591.2000122070312,590.3101196289062,590.75,590.75,94648,587.5169982910156,586.5988549804688,587.5340547107514,590.755660066059,584.3124493554438
2021-05-14 15:19:00-04:00,590.7557983398438,590.7557983398438,589.8084716796875,589.8742065429688,589.8742065429688,58448,587.6091583251953,586.7284973144531,587.6292463030134,591.0014455529964,584.2570470530303
2021-05-14 15:20:00-04:00,589.7999877929688,590.5780029296875,589.4099731445312,590.2025146484375,590.2025146484375,80887,587.7457855224609,586.8539477539063,587.7326514834449,591.2779993374272,584.1873036294626
2021-05-14 15:21:00-04:00,590.0499877929688,590.75,589.6323852539062,590.5792846679688,590.5792846679688,64431,587.9831939697266,586.9786950683593,587.8807140531994,591.6256165895843,584.1358115168146
2021-05-14 15:22:00-04:00,590.5700073242188,590.5850219726562,588.860107421875,589.2122802734375,589.2122802734375,76791,588.1383087158204,587.0741003417969,588.0417218889509,591.7096094174194,584.3738343604823
2021-05-14 15:23:00-04:00,589.3350219726562,589.6298828125,588.469970703125,588.5399780273438,588.5399780273438,70300,588.2798065185547,587.1680004882812,588.1574358258929,591.7253915190321,584.5894801327537
2021-05-14 15:24:00-04:00,588.7199096679688,588.9998779296875,587.7999877929688,587.7999877929688,587.7999877929688,90538,588.3353057861328,587.2359985351562,588.2569580078125,591.6576006006634,584.8563154149616
2021-05-14 15:25:00-04:00,587.8831176757812,589.0999755859375,587.8831176757812,588.29541015625,588.29541015625,81444,588.4200775146485,587.3102551269532,588.3334059942337,591.6604852619735,585.0063267264939
2021-05-14 15:26:00-04:00,588.348876953125,589.3200073242188,588.2666015625,588.8499755859375,588.8499755859375,59681,588.4940765380859,587.4050549316406,588.4405488513764,591.6804946142109,585.2006030885419
2021-05-14 15:27:00-04:00,588.89501953125,588.89501953125,587.4600219726562,587.8720092773438,587.8720092773438,55470,588.5326782226563,587.4824951171875,588.4644542875744,591.6795578264882,585.2493507486606
2021-05-14 15:28:00-04:00,587.8699951171875,587.9899291992188,587.5,587.9000244140625,587.9000244140625,45953,588.5871734619141,587.550595703125,588.5025518508185,591.6702977822846,585.3348059193523
2021-05-14 15:29:00-04:00,588.0,589.2999877929688,588.0,588.9400024414062,588.9400024414062,74196,588.7016723632812,587.6525952148437,588.6039748418899,591.6828867361179,585.5250629476619
2021-05-14 15:30:00-04:00,588.8599853515625,590.25,588.7899780273438,590.25,590.25,117400,588.8731719970704,587.7731958007812,588.775402250744,591.8000070307643,585.7507974707238
2021-05-14 15:31:00-04:00,590.2849731445312,590.4000244140625,589.6799926757812,589.719970703125,589.719970703125,80926,589.0146697998047,587.8801831054687,588.9134957449777,591.830387407211,585.9966040827444
2021-05-14 15:32:00-04:00,589.8699951171875,589.9099731445312,588.5,588.5,588.5,94212,589.1311706542969,587.92818359375,588.9901617140997,591.7706154574578,586.2097079707416
2021-05-14 15:33:00-04:00,588.5374755859375,588.5374755859375,587.260009765625,587.6630249023438,587.6630249023438,86701,589.2152282714844,587.9400439453125,589.0612589518229,591.6149135470426,586.5076043566031
2021-05-14 15:34:00-04:00,587.7249755859375,588.4000244140625,587.5900268554688,588.1699829101562,588.1699829101562,56880,589.214566040039,587.9521691894531,589.1654546828497,591.3582885891026,586.9726207765968
2021-05-14 15:35:00-04:00,588.2197875976562,588.7874755859375,588.2003173828125,588.22802734375,588.22802734375,45525,589.1609680175782,587.973330078125,589.1675880068824,591.3566479135139,586.9785281002509
2021-05-14 15:36:00-04:00,588.280029296875,588.3900146484375,587.1099853515625,587.2000122070312,587.2000122070312,57112,588.9643341064453,587.9803308105469,589.0675891694568,591.4110673718421,586.7241109670715
2021-05-14 15:37:00-04:00,587.219970703125,587.4512939453125,586.6500244140625,587.3099975585938,587.3099975585938,80179,588.7928344726563,587.9955310058593,588.8855561755952,591.1510444475281,586.6200679036623
2021-05-14 15:38:00-04:00,587.3599853515625,588.1099853515625,587.3599853515625,588.1099853515625,588.1099853515625,43096,588.6608337402344,588.0461303710938,588.7603178478423,590.8873250206042,586.6333106750805
2021-05-14 15:39:00-04:00,588.1500244140625,588.5,588.080078125,588.273681640625,588.273681640625,55249,588.5808074951171,588.0810034179688,588.6423979259673,590.5797014912046,586.7050943607301
2021-05-14 15:40:00-04:00,588.25,588.3699951171875,587.719970703125,588.0700073242188,588.0700073242188,47242,588.4741821289062,588.1166040039062,588.5564836774554,590.4259354075502,586.6870319473605
2021-05-14 15:41:00-04:00,588.0399780273438,588.0599975585938,586.8400268554688,587.2000122070312,587.2000122070312,64082,588.3052185058593,588.1276000976562,588.4135073707217,590.215006033233,586.6120087082105
2021-05-14 15:42:00-04:00,587.0654296875,587.64990234375,586.9099731445312,587.1300048828125,587.1300048828125,41453,588.2011047363281,588.1132006835937,588.249255952381,589.8467647604407,586.6517471443212
2021-05-14 15:43:00-04:00,587.1599731445312,587.510009765625,586.9580078125,587.1605224609375,587.1605224609375,38868,588.1321319580078,588.0876110839844,588.1515531994048,589.7525128387703,586.5505935600394
2021-05-14 15:44:00-04:00,587.2623291015625,588.1124267578125,587.01318359375,588.0817260742188,588.0817260742188,64848,588.1462188720703,588.0646459960938,588.1297316778274,589.7213056517176,586.5381577039373
2021-05-14 15:45:00-04:00,588.010009765625,588.489990234375,587.8400268554688,588.1599731445312,588.1599731445312,69154,588.1394470214843,588.0474450683594,588.1468738374256,589.7315545663803,586.5621931084709
2021-05-14 15:46:00-04:00,588.1300048828125,590.0,588.0800170898438,589.4744262695312,589.4744262695312,132204,588.1706695556641,588.0595434570313,588.2030174618676,589.8861043506299,586.5199305731053
2021-05-14 15:47:00-04:00,589.4149780273438,590.3400268554688,589.219970703125,589.8699951171875,589.8699951171875,116119,588.2705688476562,588.0970434570313,588.2515898204986,590.0617344555355,586.4414451854616
2021-05-14 15:48:00-04:00,589.9168701171875,589.9598999023438,588.8599853515625,588.969970703125,588.969970703125,73414,588.3240661621094,588.1189392089843,588.3038736979166,590.1306328224119,586.4771145734213
2021-05-14 15:49:00-04:00,588.9650268554688,589.7999877929688,588.8200073242188,589.3250122070312,589.3250122070312,62910,588.3433166503906,588.1448193359375,588.3717302594866,590.2391978021142,586.5042627168591
2021-05-14 15:50:00-04:00,589.27001953125,589.8099975585938,588.7512817382812,589.7849731445312,589.7849731445312,84262,588.3200653076171,588.1911193847657,588.4119669596354,590.3619690958334,586.4619648234374
2021-05-14 15:51:00-04:00,589.8599853515625,590.2999877929688,589.5,590.0177001953125,590.0177001953125,89708,588.3349517822265,588.2748510742188,588.4009050641741,590.3109713960291,586.4908387323192
2021-05-14 15:52:00-04:00,590.0,590.3400268554688,589.60009765625,590.25,590.25,149546,588.4224517822265,588.3576513671875,588.4261445545014,590.4182108153951,586.4340782936077
2021-05-14 15:53:00-04:00,590.1688842773438,591.1699829101562,590.1599731445312,590.9129028320312,590.9129028320312,128609,588.5849456787109,588.461708984375,588.5410446893601,590.7997708312445,586.2823185474757
2021-05-14 15:54:00-04:00,590.8685913085938,590.9500122070312,590.2304077148438,590.47998046875,590.47998046875,123686,588.7004455566406,588.5375085449218,588.6751854306176,591.0423153598098,586.3080555014254
2021-05-14 15:55:00-04:00,590.5499877929688,590.75,590.2100219726562,590.5,590.5,106940,588.8140441894532,588.6155090332031,588.786138625372,591.2648961746803,586.3073810760637
2021-05-14 15:56:00-04:00,590.5,590.5800170898438,590.0,590.0015258789062,590.0015258789062,124992,588.9541198730469,588.6681396484375,588.8705909365699,591.3884021744624,586.3527796986774
2021-05-14 15:57:00-04:00,590.010009765625,590.9600219726562,589.9099731445312,590.5980224609375,590.5980224609375,140416,589.118521118164,588.7381005859374,589.0324009486607,591.5365712550717,586.5282306422496
2021-05-14 15:58:00-04:00,590.6199951171875,590.8298950195312,590.2899780273438,590.3900146484375,590.3900146484375,117323,589.2325225830078,588.8096984863281,589.1790684291294,591.6220759831593,586.7360608750995
2021-05-14 15:59:00-04:00,590.4600219726562,590.6497192382812,589.5,589.719970703125,589.719970703125,230781,589.3048370361328,588.8710974121094,589.2557343982514,591.6601552167125,586.8513135797904
