Datetime,Open,High,Low,Close,Adj Close,Volume,STMA,LTMA,Bollinger-Middle,Bollinger-Upper,Bollinger-Lower
2021-05-14 09:30:00-04:00,13.3100004196167,13.680000305175781,13.199999809265137,13.648900032043457,13.648900032043457,11061073,,,,,
2021-05-14 09:31:00-04:00,13.649999618530273,13.770000457763672,13.470000267028809,13.770000457763672,13.770000457763672,2080061,,,,,
2021-05-14 09:32:00-04:00,13.779999732971191,13.84000015258789,13.579999923706055,13.640000343322754,13.640000343322754,2611375,,,,,
2021-05-14 09:33:00-04:00,13.64900016784668,13.75,13.539999961853027,13.710000038146973,13.710000038146973,1667129,,,,,
2021-05-14 09:34:00-04:00,13.704999923706055,13.710000038146973,13.420000076293945,13.460000038146973,13.460000038146973,1776255,,,,,
2021-05-14 09:35:00-04:00,13.452099800109863,13.470000267028809,13.210000038146973,13.28499984741211,13.28499984741211,1757766,,,,,
2021-05-14 09:36:00-04:00,13.289999961853027,13.3100004196167,13.130000114440918,13.13230037689209,13.13230037689209,2546362,,,,,
2021-05-14 09:37:00-04:00,13.138999938964844,13.149999618530273,13.029999732971191,13.140999794006348,13.140999794006348,1216538,,,,,
2021-05-14 09:38:00-04:00,13.149100303649902,13.25,13.130000114440918,13.175000190734863,13.175000190734863,925345,,,,,
2021-05-14 09:39:00-04:00,13.175000190734863,13.180000305175781,12.949999809265137,13.039899826049805,13.039899826049805,1493285,,,,,
2021-05-14 09:40:00-04:00,13.045000076293945,13.070099830627441,12.90999984741211,12.946000099182129,12.946000099182129,1118683,,,,,
2021-05-14 09:41:00-04:00,12.940999984741211,12.949999809265137,12.739999771118164,12.8149995803833,12.8149995803833,1807717,,,,,
2021-05-14 09:42:00-04:00,12.811100006103516,12.979000091552734,12.800000190734863,12.96090030670166,12.96090030670166,1141157,,,,,
2021-05-14 09:43:00-04:00,12.970000267028809,13.109999656677246,12.961000442504883,13.09000015258789,13.09000015258789,1255307,,,,,
2021-05-14 09:44:00-04:00,13.09000015258789,13.1899995803833,13.069999694824219,13.070099830627441,13.070099830627441,1175252,,,,,
2021-05-14 09:45:00-04:00,13.071900367736816,13.140000343322754,13.0,13.109999656677246,13.109999656677246,692313,,,,,
2021-05-14 09:46:00-04:00,13.104999542236328,13.140000343322754,13.039999961853027,13.130000114440918,13.130000114440918,681041,,,,,
2021-05-14 09:47:00-04:00,13.130000114440918,13.229999542236328,13.0600004196167,13.220000267028809,13.220000267028809,788700,,,,,
2021-05-14 09:48:00-04:00,13.217499732971191,13.239999771118164,13.140000343322754,13.229999542236328,13.229999542236328,678189,,,,,
2021-05-14 09:49:00-04:00,13.220000267028809,13.279999732971191,13.109999656677246,13.154899597167969,13.154899597167969,857890,13.236450004577637,,,,
2021-05-14 09:50:00-04:00,13.149999618530273,13.1899995803833,13.010000228881836,13.12090015411377,13.12090015411377,793257,13.210050010681153,,13.230947630746025,13.747774834627577,12.714120426864472
2021-05-14 09:51:00-04:00,13.129300117492676,13.135000228881836,13.0600004196167,13.07919979095459,13.07919979095459,321214,13.175509977340699,,13.20381904783703,13.688598887353075,12.719039208320984
2021-05-14 09:52:00-04:00,13.074999809265137,13.100000381469727,12.9399995803833,13.000699996948242,13.000699996948242,674060,13.143544960021973,,13.167185692560105,13.586649115577453,12.747722269542757
2021-05-14 09:53:00-04:00,13.0,13.020000457763672,12.930000305175781,12.975500106811523,12.975500106811523,379064,13.1068199634552,,13.135542824154808,13.504362872052333,12.766722776257282
2021-05-14 09:54:00-04:00,12.971099853515625,12.989999771118164,12.841099739074707,12.859999656677246,12.859999656677246,787591,13.076819944381715,,13.095066615513392,13.378997301921675,12.81113592910511
2021-05-14 09:55:00-04:00,12.85990047454834,13.079999923706055,12.779999732971191,13.045000076293945,13.045000076293945,918713,13.064819955825806,,13.07530471256801,13.307559541933001,12.84304988320302
2021-05-14 09:56:00-04:00,13.039999961853027,13.15999984741211,13.029999732971191,13.125,13.125,836485,13.064454936981202,,13.067685672215053,13.281546293125208,12.853825051304897
2021-05-14 09:57:00-04:00,13.129899978637695,13.15999984741211,13.0,13.039999961853027,13.039999961853027,596591,13.059404945373535,,13.06329041435605,13.275431228147442,12.851149600564659
2021-05-14 09:58:00-04:00,13.039999961853027,13.149999618530273,13.039999961853027,13.100000381469727,13.100000381469727,417512,13.055654954910278,,13.061338061378116,13.271307769402652,12.85136835335358
2021-05-14 09:59:00-04:00,13.095000267028809,13.130000114440918,13.069999694824219,13.079999923706055,13.079999923706055,406416,13.05765995979309,,13.05681423913865,13.260750815307565,12.852877662969734
2021-05-14 10:00:00-04:00,13.079999923706055,13.100000381469727,12.949999809265137,13.099200248718262,13.099200248718262,436605,13.065319967269897,,13.059638068789528,13.264206137640274,12.855069999938783
2021-05-14 10:01:00-04:00,13.09000015258789,13.100000381469727,13.069999694824219,13.098400115966797,13.098400115966797,234195,13.079489994049073,,13.06689521244594,13.265499879918886,12.868290544972995
2021-05-14 10:02:00-04:00,13.091099739074707,13.270000457763672,13.039999961853027,13.225000381469727,13.225000381469727,976172,13.092694997787476,,13.086419060116722,13.261118737442148,12.911719382791295
2021-05-14 10:03:00-04:00,13.220000267028809,13.329999923706055,13.170000076293945,13.28499984741211,13.28499984741211,830273,13.102444982528686,,13.101852371579124,13.286534640372698,12.91717010278555
2021-05-14 10:04:00-04:00,13.28499984741211,13.479999542236328,13.279999732971191,13.385000228881836,13.385000228881836,1263580,13.118190002441406,,13.115899994259788,13.33654482840528,12.895255160114296
2021-05-14 10:05:00-04:00,13.380000114440918,13.460000038146973,13.329999923706055,13.345000267028809,13.345000267028809,828740,13.129940032958984,,13.128990491231283,13.369139819463314,12.888841162999253
2021-05-14 10:06:00-04:00,13.345000267028809,13.40999984741211,13.34000015258789,13.399999618530273,13.399999618530273,547697,13.143440008163452,,13.142800013224283,13.409146946572173,12.876453079876393
2021-05-14 10:07:00-04:00,13.399999618530273,13.569999694824219,13.395000457763672,13.520000457763672,13.520000457763672,1271624,13.158440017700196,,13.161371458144416,13.47257426122982,12.850168655059012
2021-05-14 10:08:00-04:00,13.529899597167969,13.529899597167969,13.289999961853027,13.380000114440918,13.380000114440918,993153,13.165940046310425,,13.168990498497372,13.493234111430473,12.844746885564271
2021-05-14 10:09:00-04:00,13.37440013885498,13.449999809265137,13.369999885559082,13.40999984741211,13.40999984741211,376415,13.178695058822631,,13.177561941600981,13.517090570646834,12.838033312555128
2021-05-14 10:10:00-04:00,13.40999984741211,13.449999809265137,13.3100004196167,13.400300025939941,13.400300025939941,497247,13.19266505241394,,13.189247676304408,13.541610753437904,12.836884599170912
2021-05-14 10:11:00-04:00,13.409899711608887,13.539999961853027,13.401000022888184,13.529999732971191,13.529999732971191,616891,13.21520504951477,,13.208728608630953,13.588247298702518,12.829209918559387
2021-05-14 10:12:00-04:00,13.529999732971191,13.539999961853027,13.460000038146973,13.528599739074707,13.528599739074707,454973,13.241600036621094,,13.230128606160482,13.62839693546381,12.831860276857155
2021-05-14 10:13:00-04:00,13.524999618530273,13.539999961853027,13.380000114440918,13.40999984741211,13.40999984741211,649629,13.263325023651124,,13.24961907523019,13.64101304235949,12.85822510810089
2021-05-14 10:14:00-04:00,13.390000343322754,13.449999809265137,13.369999885559082,13.380000114440918,13.380000114440918,495352,13.289325046539307,,13.2688809803554,13.643747281132162,12.894014679578637
2021-05-14 10:15:00-04:00,13.388199806213379,13.430000305175781,13.359999656677246,13.380000114440918,13.380000114440918,277050,13.306075048446655,,13.293642906915574,13.622748498389598,12.96453731544155
2021-05-14 10:16:00-04:00,13.385000228881836,13.399999618530273,13.199999809265137,13.250100135803223,13.250100135803223,966386,13.312330055236817,,13.303409576416016,13.61391705390364,12.992902098928392
2021-05-14 10:17:00-04:00,13.255000114440918,13.289999961853027,13.229999542236328,13.26550006866455,13.26550006866455,364185,13.323605060577393,,13.310100055876232,13.610760126418562,13.009439985333902
2021-05-14 10:18:00-04:00,13.265000343322754,13.359999656677246,13.210000038146973,13.210000038146973,13.210000038146973,369984,13.329105043411255,,13.318195297604515,13.597558443563955,13.038832151645074
2021-05-14 10:19:00-04:00,13.21500015258789,13.270000457763672,13.149999618530273,13.229000091552734,13.229000091552734,416380,13.33655505180359,13.237728023529053,13.324338140941801,13.58943239706563,13.059243884817972
2021-05-14 10:20:00-04:00,13.229999542236328,13.350000381469727,13.130000114440918,13.348999977111816,13.348999977111816,406009,13.349045038223267,13.231730022430419,13.337147667294456,13.578523985523672,13.09577134906524
2021-05-14 10:21:00-04:00,13.349200248718262,13.420000076293945,13.349200248718262,13.399900436401367,13.399900436401367,414727,13.364120054244996,13.224328022003174,13.351466723850795,13.568990288365105,13.133943159336484
2021-05-14 10:22:00-04:00,13.390000343322754,13.390000343322754,13.319999694824219,13.368900299072266,13.368900299072266,231105,13.371315050125123,13.218906021118164,13.364347684951056,13.549831624298003,13.17886374560411
2021-05-14 10:23:00-04:00,13.369199752807617,13.369999885559082,13.31149959564209,13.36970043182373,13.36970043182373,196896,13.375550079345704,13.2121000289917,13.371238163539342,13.545847828523842,13.196628498554842
2021-05-14 10:24:00-04:00,13.369999885559082,13.550000190734863,13.34000015258789,13.524999618530273,13.524999618530273,913449,13.382550048828126,13.213400020599366,13.382666724068779,13.564530540770797,13.20080290736676
2021-05-14 10:25:00-04:00,13.524999618530273,13.640000343322754,13.510000228881836,13.640000343322754,13.640000343322754,1188613,13.397300052642823,13.220500030517577,13.394809586661202,13.60740848271475,13.182210690607654
2021-05-14 10:26:00-04:00,13.630999565124512,13.779999732971191,13.59000015258789,13.729999542236328,13.729999542236328,1353383,13.413800048828126,13.232454013824462,13.413142885480609,13.667989148242087,13.15829662271913
2021-05-14 10:27:00-04:00,13.720000267028809,13.920000076293945,13.720000267028809,13.84000015258789,13.84000015258789,1738735,13.429800033569336,13.246434020996094,13.434095291864304,13.747369903960056,13.120820679768553
2021-05-14 10:28:00-04:00,13.835000038146973,14.140000343322754,13.829999923706055,14.03499984741211,14.03499984741211,3172782,13.462550020217895,13.26363401412964,13.458619072323753,13.86316205516415,13.054076089483356
2021-05-14 10:29:00-04:00,14.03499984741211,14.039999961853027,13.84000015258789,13.850000381469727,13.850000381469727,1383423,13.484550046920777,13.279836025238037,13.481000037420364,13.916740756755972,13.045259318084755
2021-05-14 10:30:00-04:00,13.856499671936035,13.9399995803833,13.819999694824219,13.920100212097168,13.920100212097168,1210519,13.510540056228638,13.299318027496337,13.505290530976795,13.978108101779917,13.032472960173674
2021-05-14 10:31:00-04:00,13.925000190734863,14.0,13.869999885559082,14.0,14.0,851478,13.534040069580078,13.323018035888673,13.533847672598702,14.04878341575086,13.018911929446544
2021-05-14 10:32:00-04:00,13.99269962310791,14.039999961853027,13.899999618530273,14.010000228881836,14.010000228881836,1111570,13.558110094070434,13.344000034332275,13.556704839070639,14.110417037038662,13.002992641102615
2021-05-14 10:33:00-04:00,14.019499778747559,14.020000457763672,13.880000114440918,13.931400299072266,13.931400299072266,618711,13.584180116653442,13.360828037261962,13.575885818118142,14.152018476085761,12.999753160150522
2021-05-14 10:34:00-04:00,13.9399995803833,14.010000228881836,13.920000076293945,13.968000411987305,13.968000411987305,945908,13.613580131530762,13.378786048889161,13.602457273574103,14.19687147616672,13.008043070981486
2021-05-14 10:35:00-04:00,13.969799995422363,14.010000228881836,13.869999885559082,13.97920036315918,13.97920036315918,1246309,13.643540143966675,13.396170063018799,13.630990618751163,14.237457155795035,13.024524081707291
2021-05-14 10:36:00-04:00,13.970100402832031,13.979999542236328,13.899999618530273,13.910099983215332,13.910099983215332,670439,13.67654013633728,13.411772060394288,13.656233469645182,14.262941389792067,13.049525549498297
2021-05-14 10:37:00-04:00,13.920000076293945,14.10949993133545,13.729999542236328,13.78909969329834,13.78909969329834,2384208,13.702720117568969,13.423154048919677,13.681900115240188,14.262542500220073,13.101257730260302
2021-05-14 10:38:00-04:00,13.78499984741211,13.850000381469727,13.78499984741211,13.850000381469727,13.850000381469727,528993,13.734720134735108,13.435554065704345,13.709733463469005,14.263036171249986,13.156430755688024
2021-05-14 10:39:00-04:00,13.840100288391113,13.890000343322754,13.819999694824219,13.869000434875488,13.869000434875488,453020,13.766720151901245,13.449836082458496,13.741114434741792,14.250108681557178,13.232120187926407
2021-05-14 10:40:00-04:00,13.869400024414062,13.880000114440918,13.8100004196167,13.869999885559082,13.869999885559082,421324,13.792770147323608,13.464818077087402,13.77163823445638,14.227853722031846,13.315422746880916
2021-05-14 10:41:00-04:00,13.859999656677246,13.869999885559082,13.770000457763672,13.819999694824219,13.819999694824219,517267,13.813775110244752,13.479634075164794,13.794066792442685,14.209088220920787,13.379045363964583
2021-05-14 10:42:00-04:00,13.824999809265137,14.029999732971191,13.8100004196167,13.970000267028809,13.970000267028809,954651,13.843830108642578,13.499020080566407,13.821214403424944,14.202491796365672,13.439937010484217
2021-05-14 10:43:00-04:00,13.975000381469727,14.130000114440918,13.950200080871582,13.950200080871582,13.950200080871582,1968109,13.872855091094971,13.518514080047607,13.848895345415388,14.174748266962359,13.523042423868416
2021-05-14 10:44:00-04:00,13.954999923706055,13.954999923706055,13.760000228881836,13.829899787902832,13.829899787902832,1306211,13.888100099563598,13.537912082672118,13.870809600466774,14.116177530723263,13.625441670210286
2021-05-14 10:45:00-04:00,13.829999923706055,13.9399995803833,13.829999923706055,13.869999885559082,13.869999885559082,527761,13.899600076675416,13.554412078857421,13.887238184611002,14.077361997722493,13.697114371499511
2021-05-14 10:46:00-04:00,13.870800018310547,13.949999809265137,13.850000381469727,13.925000190734863,13.925000190734863,549025,13.909350109100341,13.570412082672119,13.900809605916342,14.055524955826725,13.746094256005959
2021-05-14 10:47:00-04:00,13.916099548339844,13.989999771118164,13.880000114440918,13.96500015258789,13.96500015258789,845542,13.915600109100343,13.588912086486816,13.912000111171178,14.048451650749662,13.775548571592694
2021-05-14 10:48:00-04:00,13.965499877929688,14.020000457763672,13.949999809265137,14.00160026550293,14.00160026550293,696527,13.913930130004882,13.60694408416748,13.919695354643322,14.057268876276865,13.782121833009779
2021-05-14 10:49:00-04:00,14.005000114440918,14.0600004196167,13.920000076293945,13.960000038146973,13.960000038146973,723506,13.919430112838745,13.624544086456298,13.916123935154506,14.045094179877522,13.78715369043149
2021-05-14 10:50:00-04:00,13.960000038146973,14.029999732971191,13.930000305175781,13.93019962310791,13.93019962310791,643759,13.919935083389282,13.641164073944092,13.919942946661086,14.045532409584858,13.794353483737314
2021-05-14 10:51:00-04:00,13.930000305175781,14.100000381469727,13.90999984741211,14.060600280761719,14.060600280761719,946345,13.922965097427369,13.66040807723999,13.926633426121303,14.065889861465415,13.78737699077719
2021-05-14 10:52:00-04:00,14.069999694824219,14.2701997756958,14.060099601745605,14.203700065612793,14.203700065612793,3780452,13.932650089263916,13.679982070922852,13.936333429245721,14.117231532644753,13.755435325846689
2021-05-14 10:53:00-04:00,14.201399803161621,14.3100004196167,14.199999809265137,14.255000114440918,14.255000114440918,1541410,13.948830080032348,13.699382076263428,13.948000090462822,14.173029297229801,13.722970883695842
2021-05-14 10:54:00-04:00,14.255000114440918,14.335000038146973,13.84000015258789,13.960000038146973,13.960000038146973,2743441,13.948430061340332,13.710882072448731,13.949361982799712,14.174318408517129,13.724405557082294
2021-05-14 10:55:00-04:00,13.9399995803833,13.979999542236328,13.890000343322754,13.970499992370605,13.970499992370605,899224,13.947995042800903,13.723392066955567,13.949481010437012,14.17447975213125,13.724482268742774
2021-05-14 10:56:00-04:00,13.97089958190918,14.0,13.859999656677246,13.880000114440918,13.880000114440918,806187,13.946490049362183,13.73299207687378,13.944757189069476,14.171234684560208,13.718279693578744
2021-05-14 10:57:00-04:00,13.890000343322754,13.954999923706055,13.850000381469727,13.888699531555176,13.888699531555176,939990,13.951470041275025,13.74036605834961,13.943738119942802,14.171028153564787,13.716448086320817
2021-05-14 10:58:00-04:00,13.88129997253418,13.95989990234375,13.869999885559082,13.928400039672852,13.928400039672852,311464,13.955390024185181,13.751334056854247,13.95037146977016,14.167016901083693,13.733726038456625
2021-05-14 10:59:00-04:00,13.930000305175781,14.09000015258789,13.925000190734863,14.009099960327148,14.009099960327148,1191275,13.962395000457764,13.76331605911255,13.957947640191941,14.171093423352447,13.744801857031435
2021-05-14 11:00:00-04:00,14.0,14.028300285339355,13.970000267028809,13.999899864196777,13.999899864196777,486808,13.96888999938965,13.775308055877685,13.964180946350098,14.174163796611325,13.75419809608887
2021-05-14 11:01:00-04:00,13.990599632263184,14.069999694824219,13.970000267028809,13.981200218200684,13.981200218200684,577970,13.976950025558471,13.784332065582275,13.969476200285412,14.17522256780928,13.763729832761543
2021-05-14 11:02:00-04:00,13.989999771118164,14.149999618530273,13.90999984741211,14.0649995803833,14.0649995803833,1028535,13.981699991226197,13.795060062408448,13.98114286150251,14.179242655250887,13.783043067754134
2021-05-14 11:03:00-04:00,14.069999694824219,14.246999740600586,14.0600004196167,14.1850004196167,14.1850004196167,1207882,13.993440008163452,13.810560073852539,13.991380964006696,14.207666231792313,13.77509569622108
2021-05-14 11:04:00-04:00,14.1850004196167,14.1899995803833,14.079999923706055,14.100700378417969,14.100700378417969,502767,14.006980037689209,13.82497407913208,13.998547644842239,14.218869902540396,13.778225387144081
2021-05-14 11:05:00-04:00,14.109999656677246,14.140000343322754,14.0,14.020000457763672,14.020000457763672,510821,14.014480066299438,13.837774085998536,14.007600057692756,14.21457008872209,13.800630026663422
2021-05-14 11:06:00-04:00,14.025799751281738,14.0600004196167,13.979999542236328,14.03499984741211,14.03499984741211,547602,14.0199800491333,13.853472080230713,14.015457198733376,14.21318168863526,13.817732708831493
2021-05-14 11:07:00-04:00,14.039999961853027,14.085000038146973,14.029999732971191,14.079999923706055,14.079999923706055,305084,14.02573003768921,13.869762077331544,14.02283813839867,14.218039821092884,13.827636455704457
2021-05-14 11:08:00-04:00,14.079999923706055,14.079999923706055,13.930000305175781,13.984199523925781,13.984199523925781,592591,14.024860000610351,13.885246067047119,14.023752394176665,14.218031928463708,13.829472859889622
2021-05-14 11:09:00-04:00,13.989999771118164,14.020000457763672,13.930000305175781,13.960000038146973,13.960000038146973,365303,14.024860000610351,13.899866065979005,14.021771430969238,14.217769222681664,13.825773639256813
2021-05-14 11:10:00-04:00,13.954999923706055,14.050000190734863,13.949999809265137,14.011300086975098,14.011300086975098,357138,14.02891502380371,13.91311206817627,14.024214290437245,14.218325608749259,13.83010297212523
2021-05-14 11:11:00-04:00,14.020000457763672,14.050000190734863,13.989999771118164,14.02910041809082,14.02910041809082,315411,14.027340030670166,13.925696067810058,14.028923852103096,14.218387764714196,13.839459939491997
2021-05-14 11:12:00-04:00,14.020500183105469,14.0600004196167,13.960000038146973,14.030900001525879,14.030900001525879,443341,14.01870002746582,13.938936061859131,14.027509553091866,14.216444789673716,13.838574316510016
2021-05-14 11:13:00-04:00,14.038399696350098,14.119999885559082,14.030400276184082,14.0649995803833,14.0649995803833,644348,14.00920000076294,13.952842044830323,14.020904768080939,14.19361195522402,13.848197580937859
2021-05-14 11:14:00-04:00,14.069999694824219,14.079999923706055,14.020000457763672,14.040300369262695,14.040300369262695,320587,14.013215017318725,13.96314805984497,14.0106809706915,14.148348327507819,13.87301361387518
2021-05-14 11:15:00-04:00,14.04889965057373,14.079999923706055,13.979999542236328,14.029899597167969,14.029899597167969,378356,14.016184997558593,13.970946044921876,14.014009521121071,14.149969766789933,13.87804927545221
2021-05-14 11:16:00-04:00,14.069899559020996,14.09000015258789,13.970000267028809,14.00730037689209,14.00730037689209,478019,14.022550010681153,13.97649206161499,14.015761920383998,14.150364389725905,13.881159451042091
2021-05-14 11:17:00-04:00,14.000900268554688,14.029999732971191,13.930000305175781,13.989999771118164,13.989999771118164,486274,14.027615022659301,13.979492053985595,14.020999999273391,14.141807093783926,13.900192904762855
2021-05-14 11:18:00-04:00,13.99779987335205,14.0,13.899999618530273,13.949999809265137,13.949999809265137,460991,14.028695011138916,13.977792053222656,14.023919060116722,14.134219595848045,13.913618524385399
2021-05-14 11:19:00-04:00,13.959400177001953,14.109399795532227,13.950900077819824,14.099499702453613,14.099499702453613,987060,14.033214998245239,13.982782039642334,14.032066663106283,14.138100466106664,13.926032860105902
2021-05-14 11:20:00-04:00,14.090499877929688,14.130000114440918,14.045000076293945,14.074999809265137,14.074999809265137,753857,14.036969995498657,13.985880031585694,14.035204751150948,14.142238303945875,13.92817119835602
2021-05-14 11:21:00-04:00,14.074999809265137,14.180000305175781,14.069999694824219,14.170000076293945,14.170000076293945,1204218,14.04640998840332,13.989280033111573,14.043304761250814,14.163480328888767,13.923129193612862
2021-05-14 11:22:00-04:00,14.163900375366211,14.220000267028809,14.149999618530273,14.170000076293945,14.170000076293945,1206725,14.051660013198852,13.992480030059815,14.052295230683827,14.18058589307291,13.924004568294743
2021-05-14 11:23:00-04:00,14.172599792480469,14.1899995803833,14.09000015258789,14.135000228881836,14.135000228881836,572569,14.04916000366211,13.996552028656005,14.055628594898042,14.188656871485229,13.922600318310856
2021-05-14 11:24:00-04:00,14.1358003616333,14.15999984741211,14.050000190734863,14.09000015258789,14.09000015258789,393966,14.048624992370605,13.998992023468018,14.051104772658576,14.172042943215468,13.930166602101684
2021-05-14 11:25:00-04:00,14.080900192260742,14.09000015258789,14.020000457763672,14.032099723815918,14.032099723815918,350215,14.049229955673217,14.000050010681152,14.047838074820381,14.166917503598535,13.928758646042228
2021-05-14 11:26:00-04:00,14.029999732971191,14.039999961853027,13.970000267028809,14.0,14.0,435437,14.047479963302612,14.001848011016845,14.046885672069731,14.167164406332494,13.926606937806968
2021-05-14 11:27:00-04:00,13.99899959564209,14.029999732971191,13.979999542236328,14.027999877929688,14.027999877929688,329780,14.044879961013795,14.006626014709473,14.046552340189615,14.167001083813146,13.926103596566085
2021-05-14 11:28:00-04:00,14.025300025939941,14.079999923706055,14.020000457763672,14.0649995803833,14.0649995803833,332520,14.04891996383667,14.010925998687744,14.045838038126627,14.165655895551877,13.926020180701377
2021-05-14 11:29:00-04:00,14.069899559020996,14.071200370788574,14.0,14.018799781799316,14.018799781799316,219628,14.051859951019287,14.01392198562622,14.04748566945394,14.16477173597357,13.930199602934309
2021-05-14 11:30:00-04:00,14.011099815368652,14.020000457763672,13.930000305175781,13.9399995803833,13.9399995803833,538216,14.048294925689698,14.015321979522705,14.046533266703287,14.166954955239145,13.92611157816743
2021-05-14 11:31:00-04:00,13.934800148010254,13.960000038146973,13.729999542236328,13.824999809265137,13.824999809265137,1676345,14.038089895248413,14.015421981811523,14.037661824907575,14.19054152566443,13.88478212415072
2021-05-14 11:32:00-04:00,13.821700096130371,13.858799934387207,13.779999732971191,13.78909969329834,13.78909969329834,520979,14.025999879837036,14.011803970336913,14.026233218965077,14.212508759335359,13.839957678594795
2021-05-14 11:33:00-04:00,13.780099868774414,13.930000305175781,13.770000457763672,13.789999961853027,13.789999961853027,912938,14.012249898910522,14.008599967956544,14.014761788504464,14.226617476047778,13.802906100961149
2021-05-14 11:34:00-04:00,13.779999732971191,13.79990005493164,13.670000076293945,13.76930046081543,13.76930046081543,734594,13.99869990348816,14.007387981414794,14.00068087804885,14.235566702843968,13.765795053253733
2021-05-14 11:35:00-04:00,13.760000228881836,13.869999885559082,13.75,13.859999656677246,13.859999656677246,541983,13.990204906463623,14.007187976837159,13.992095129830497,14.233702236044564,13.75048802361643
2021-05-14 11:36:00-04:00,13.859199523925781,13.869999885559082,13.819999694824219,13.850099563598633,13.850099563598633,254382,13.98234486579895,14.005689964294433,13.983533223470053,14.231881049417932,13.735185397522173
2021-05-14 11:37:00-04:00,13.858099937438965,13.859999656677246,13.789999961853027,13.800000190734863,13.800000190734863,316342,13.972844886779786,14.002389965057374,13.973661786033993,14.23374864168046,13.713574930387527
2021-05-14 11:38:00-04:00,13.79889965057373,13.8100004196167,13.729999542236328,13.77910041809082,13.77910041809082,385493,13.96429991722107,13.997939968109131,13.963618959699359,14.236489058394257,13.69074886100446
2021-05-14 11:39:00-04:00,13.770000457763672,13.779999732971191,13.6899995803833,13.699000358581543,13.699000358581543,321518,13.944274950027467,13.992719974517822,13.9516666049049,14.247125968467104,13.656207241342697
2021-05-14 11:40:00-04:00,13.691100120544434,13.75,13.649999618530273,13.729900360107422,13.729900360107422,490638,13.92701997756958,13.988713989257812,13.934066636221749,14.236218049716816,13.63191522272668
2021-05-14 11:41:00-04:00,13.729000091552734,13.800000190734863,13.720000267028809,13.774999618530273,13.774999618530273,434675,13.907269954681396,13.983001976013183,13.919780912853422,14.222299046125917,13.617262779580928
2021-05-14 11:42:00-04:00,13.770000457763672,13.800000190734863,13.72700023651123,13.739999771118164,13.739999771118164,265730,13.885769939422607,13.97372797012329,13.899304707845053,14.189146405367296,13.60946301032281
2021-05-14 11:43:00-04:00,13.749899864196777,13.760000228881836,13.649999618530273,13.680000305175781,13.680000305175781,444182,13.863019943237305,13.962227973937988,13.875971385410853,14.15341547469818,13.598527296123526
2021-05-14 11:44:00-04:00,13.675000190734863,13.680000305175781,13.579999923706055,13.619999885559082,13.619999885559082,678302,13.839519929885864,13.95542797088623,13.851447559538341,14.123930326843176,13.578964792233506
2021-05-14 11:45:00-04:00,13.614999771118164,13.640000343322754,13.5600004196167,13.600000381469727,13.600000381469727,468902,13.817914962768555,13.948017978668213,13.828114237104144,14.098788161453175,13.557440312755112
2021-05-14 11:46:00-04:00,13.600000381469727,13.680000305175781,13.580499649047852,13.65999984741211,13.65999984741211,440008,13.80091495513916,13.943617973327637,13.810395195370628,14.073898759525896,13.54689163121536
2021-05-14 11:47:00-04:00,13.660799980163574,13.670000076293945,13.600000381469727,13.62909984588623,13.62909984588623,308186,13.780969953536987,13.938425979614259,13.792733283269973,14.052702249013818,13.532764317526128
2021-05-14 11:48:00-04:00,13.620100021362305,13.640000343322754,13.600000381469727,13.60099983215332,13.60099983215332,250825,13.757769966125489,13.931877975463868,13.772399947756814,14.022091059914409,13.522708835599218
2021-05-14 11:49:00-04:00,13.604999542236328,13.6899995803833,13.529999732971191,13.640700340270996,13.640700340270996,594307,13.738864994049072,13.924509983062745,13.752195222037178,13.970336743332554,13.534053700741802
2021-05-14 11:50:00-04:00,13.649399757385254,13.729000091552734,13.619999885559082,13.725000381469727,13.725000381469727,465422,13.728115034103393,13.919011993408203,13.738204774402437,13.920648175304143,13.555761373500731
2021-05-14 11:51:00-04:00,13.729999542236328,13.729999542236328,13.6899995803833,13.725000381469727,13.725000381469727,410835,13.723115062713623,13.913887996673584,13.727966717311315,13.886316223246178,13.569617211376451
2021-05-14 11:52:00-04:00,13.729000091552734,13.819999694824219,13.722200393676758,13.797900199890137,13.797900199890137,649443,13.723555088043213,13.90854600906372,13.726676259722028,13.88223569814853,13.571116821295526
2021-05-14 11:53:00-04:00,13.791099548339844,13.850000381469727,13.770000457763672,13.849800109863281,13.849800109863281,443090,13.726545095443726,13.901842002868653,13.72956675574893,13.891827027369725,13.567306484128135
2021-05-14 11:54:00-04:00,13.850000381469727,13.850000381469727,13.710000038146973,13.72130012512207,13.72130012512207,437402,13.724145078659058,13.894253997802734,13.726295334952217,13.886285470434848,13.566305199469587
2021-05-14 11:55:00-04:00,13.729999542236328,13.755000114440918,13.680000305175781,13.745499610900879,13.745499610900879,514765,13.71842007637024,13.888763980865479,13.725161961146764,13.884244522600985,13.566079399692542
2021-05-14 11:56:00-04:00,13.748900413513184,13.770000457763672,13.731499671936035,13.749099731445312,13.749099731445312,210462,13.713370084762573,13.883045978546143,13.719881012326194,13.867571864380622,13.572190160271767
2021-05-14 11:57:00-04:00,13.739999771118164,13.8100004196167,13.729999542236328,13.800000190734863,13.800000190734863,228886,13.713370084762573,13.87744598388672,13.71749532790411,13.85808526973819,13.576905386070031
2021-05-14 11:58:00-04:00,13.808099746704102,13.8100004196167,13.772299766540527,13.793399810791016,13.793399810791016,154027,13.714085054397582,13.873629989624023,13.717181024097261,13.857053472229675,13.577308575964848
2021-05-14 11:59:00-04:00,13.789999961853027,13.800000190734863,13.75,13.771599769592285,13.771599769592285,171126,13.71771502494812,13.86986198425293,13.716823850359235,13.85609400488752,13.57755369583095
2021-05-14 12:00:00-04:00,13.779199600219727,13.779999732971191,13.729999542236328,13.740799903869629,13.740799903869629,196930,13.71826000213623,13.86445198059082,13.718814304896764,13.858204379523336,13.579424230270192
2021-05-14 12:01:00-04:00,13.741000175476074,13.755000114440918,13.680000305175781,13.700499534606934,13.700499534606934,248693,13.714534997940063,13.857879962921142,13.717414265587216,13.856922363010407,13.577906168164025
2021-05-14 12:02:00-04:00,13.708700180053711,13.760000228881836,13.699999809265137,13.751099586486816,13.751099586486816,160278,13.715089988708495,13.852283954620361,13.716276168823242,13.854255466639046,13.578296871007439
2021-05-14 12:03:00-04:00,13.75,13.770000457763672,13.729999542236328,13.75,13.75,138508,13.718589973449706,13.845983963012696,13.716752370198568,13.855127655105283,13.578377085291853
2021-05-14 12:04:00-04:00,13.741600036621094,13.789999961853027,13.730999946594238,13.780099868774414,13.780099868774414,151253,13.726594972610474,13.84077995300293,13.721519016084217,13.86140262586073,13.581635406307704
2021-05-14 12:05:00-04:00,13.789999961853027,13.789999961853027,13.739999771118164,13.765000343322754,13.765000343322754,153867,13.734844970703126,13.835481967926025,13.72842379978725,13.861685435744803,13.595162163829695
2021-05-14 12:06:00-04:00,13.761099815368652,13.76930046081543,13.720000267028809,13.739999771118164,13.739999771118164,187672,13.738844966888427,13.830135955810547,13.735090437389555,13.855245487832402,13.614935386946708
2021-05-14 12:07:00-04:00,13.75,13.75,13.670000076293945,13.699000358581543,13.699000358581543,226217,13.742339992523194,13.824315967559814,13.7369476045881,13.853525668795559,13.62036954038064
2021-05-14 12:08:00-04:00,13.699999809265137,13.699999809265137,13.579999923706055,13.595000267028809,13.595000267028809,420099,13.742040014266967,13.817215976715088,13.735323815118699,13.858676679577425,13.611970950659973
2021-05-14 12:09:00-04:00,13.590999603271484,13.609999656677246,13.4399995803833,13.489999771118164,13.489999771118164,784398,13.734504985809327,13.805025978088379,13.730038097926549,13.882345902855478,13.57773029299762
2021-05-14 12:10:00-04:00,13.5,13.5,13.370400428771973,13.420000076293945,13.420000076293945,788133,13.719254970550537,13.791925983428955,13.719528561546689,13.91873329719697,13.520323825896407
2021-05-14 12:11:00-04:00,13.420900344848633,13.489999771118164,13.420000076293945,13.444999694824219,13.444999694824219,654764,13.705254936218262,13.777425975799561,13.706195195515951,13.937357462596227,13.475032928435676
2021-05-14 12:12:00-04:00,13.449000358581543,13.5,13.430000305175781,13.470000267028809,13.470000267028809,386579,13.688859939575195,13.763425979614258,13.694052332923526,13.946022713150354,13.442081952696698
2021-05-14 12:13:00-04:00,13.470000267028809,13.519599914550781,13.470000267028809,13.5,13.5,259458,13.671369934082032,13.750725975036621,13.679866609119234,13.94032565753223,13.419407560706238
2021-05-14 12:14:00-04:00,13.491299629211426,13.5,13.380000114440918,13.385000228881836,13.385000228881836,421919,13.65455493927002,13.7366259765625,13.657733281453451,13.935252168257588,13.380214394649315
2021-05-14 12:15:00-04:00,13.385000228881836,13.399999618530273,13.300000190734863,13.305000305175781,13.305000305175781,691904,13.632529973983765,13.722083988189697,13.637909480503627,13.951842782699305,13.323976178307948
2021-05-14 12:16:00-04:00,13.307999610900879,13.329999923706055,13.239999771118164,13.244999885559082,13.244999885559082,888760,13.607324981689453,13.706983985900878,13.614076160249256,13.965775388084095,13.262376932414417
2021-05-14 12:17:00-04:00,13.239999771118164,13.289999961853027,13.239999771118164,13.279000282287598,13.279000282287598,480773,13.58127498626709,13.692003993988036,13.591690472194127,13.965501997724276,13.217878946663978
2021-05-14 12:18:00-04:00,13.270000457763672,13.279899597167969,13.170000076293945,13.189900398254395,13.189900398254395,758294,13.551100015640259,13.674502010345458,13.562638101123628,13.961391205196731,13.163884997050525
2021-05-14 12:19:00-04:00,13.1850004196167,13.220000267028809,13.149999618530273,13.171199798583984,13.171199798583984,745891,13.521080017089844,13.657550010681152,13.53300952911377,13.950939992766479,13.11507906546106
2021-05-14 12:20:00-04:00,13.179100036621094,13.199999809265137,13.09000015258789,13.130000114440918,13.130000114440918,841049,13.490540027618408,13.641350021362305,13.502457164582752,13.939679547533117,13.065234781632387
2021-05-14 12:21:00-04:00,13.139900207519531,13.140000343322754,13.069999694824219,13.109999656677246,13.109999656677246,762513,13.461015033721925,13.627050018310547,13.47241905757359,13.926508311588925,13.018329803558256
2021-05-14 12:22:00-04:00,13.100000381469727,13.130000114440918,13.079999923706055,13.100000381469727,13.100000381469727,643817,13.428460073471069,13.613268032073975,13.443823859805153,13.912382604421802,12.975265115188504
2021-05-14 12:23:00-04:00,13.10789966583252,13.220000267028809,13.09000015258789,13.220000267028809,13.220000267028809,938092,13.401960086822509,13.601868038177491,13.418533416021438,13.875101132771883,12.961965699270992
2021-05-14 12:24:00-04:00,13.220000267028809,13.239999771118164,13.180000305175781,13.199199676513672,13.199199676513672,718904,13.372915077209473,13.590466022491455,13.392304829188756,13.832549937238795,12.952059721138717
2021-05-14 12:25:00-04:00,13.1899995803833,13.246000289916992,13.1899995803833,13.219300270080566,13.219300270080566,513188,13.345630073547364,13.577652034759522,13.36560008639381,13.775236851422171,12.955963321365449
2021-05-14 12:26:00-04:00,13.220000267028809,13.239999771118164,13.151200294494629,13.172699928283691,13.172699928283691,364788,13.31726508140564,13.564104042053224,13.337395304725284,13.713028270210447,12.96176233924012
2021-05-14 12:27:00-04:00,13.175000190734863,13.219900131225586,13.140000343322754,13.201000213623047,13.201000213623047,361187,13.292365074157715,13.552124042510986,13.311728659130278,13.644717995632424,12.978739322628131
2021-05-14 12:28:00-04:00,13.203300476074219,13.25,13.199999809265137,13.199999809265137,13.199999809265137,467087,13.272615051269531,13.540542030334473,13.28796672821045,13.574661907776022,13.001271548644876
2021-05-14 12:29:00-04:00,13.208999633789062,13.25,13.199999809265137,13.227700233459473,13.227700233459473,332741,13.259500074386597,13.53111602783203,13.270476250421433,13.522568487679616,13.018384013163251
2021-05-14 12:30:00-04:00,13.22700023651123,13.270000457763672,13.220000267028809,13.248900413513184,13.248900413513184,419648,13.250945091247559,13.521496028900147,13.25899532863072,13.49105519375599,13.026935463505449
2021-05-14 12:31:00-04:00,13.247900009155273,13.270000457763672,13.1899995803833,13.190099716186523,13.190099716186523,426564,13.238200092315674,13.509798030853272,13.248047692435128,13.47008568494493,13.026009699925325
2021-05-14 12:32:00-04:00,13.199999809265137,13.199999809265137,13.119999885559082,13.128999710083008,13.128999710083008,552198,13.221150064468384,13.49757802963257,13.233000074114118,13.441947337246098,13.024052810982138
2021-05-14 12:33:00-04:00,13.119999885559082,13.130000114440918,13.050000190734863,13.079899787902832,13.079899787902832,422204,13.200145053863526,13.485576019287109,13.214423860822405,13.404108788684177,13.024738932960634
2021-05-14 12:34:00-04:00,13.079999923706055,13.140000343322754,13.071399688720703,13.108599662780762,13.108599662780762,301343,13.186325025558471,13.475348014831543,13.195785749526252,13.340924898779866,13.050646600272637
2021-05-14 12:35:00-04:00,13.102100372314453,13.119999885559082,13.0600004196167,13.069899559020996,13.069899559020996,257781,13.174569988250733,13.464745998382568,13.180780955723353,13.30854753630212,13.053014375144587
2021-05-14 12:36:00-04:00,13.064499855041504,13.140000343322754,13.0600004196167,13.138999938964844,13.138999938964844,216611,13.16926999092102,13.454326000213623,13.172876176379976,13.288823049276635,13.056929303483317
2021-05-14 12:37:00-04:00,13.131999969482422,13.260000228881836,13.130000114440918,13.240900039672852,13.240900039672852,499139,13.167364978790284,13.446562004089355,13.172680945623489,13.288150238519155,13.057211652727823
2021-05-14 12:38:00-04:00,13.244999885559082,13.380000114440918,13.220000267028809,13.380000114440918,13.380000114440918,893759,13.176869964599609,13.442142009735107,13.177490461440314,13.3165028880467,13.038478034833929
2021-05-14 12:39:00-04:00,13.389699935913086,13.390000343322754,13.3100004196167,13.33590030670166,13.33590030670166,439416,13.185104990005494,13.436046009063721,13.184442838033041,13.339103424321532,13.02978225174455
2021-05-14 12:40:00-04:00,13.33080005645752,13.420000076293945,13.329999923706055,13.370100021362305,13.370100021362305,535509,13.197109985351563,13.428948001861572,13.19391427721296,13.367537671458084,13.020290882967835
2021-05-14 12:41:00-04:00,13.379899978637695,13.430000305175781,13.370599746704102,13.425000190734863,13.425000190734863,523029,13.212860012054444,13.422947998046874,13.207961899893624,13.404994002903315,13.010929796883932
2021-05-14 12:42:00-04:00,13.429800033569336,13.4399995803833,13.380000114440918,13.409000396728516,13.409000396728516,316540,13.228310012817383,13.415170001983643,13.222200030372257,13.431780101528352,13.012619959216162
2021-05-14 12:43:00-04:00,13.40999984741211,13.449999809265137,13.350000381469727,13.380000114440918,13.380000114440918,340952,13.236310005187988,13.405774002075196,13.235533350989932,13.447951297372018,13.023115404607847
2021-05-14 12:44:00-04:00,13.380000114440918,13.399999618530273,13.279999732971191,13.289999961853027,13.289999961853027,596035,13.240850019454957,13.397147998809814,13.238866669791085,13.452408347260388,13.025324992321782
2021-05-14 12:45:00-04:00,13.29990005493164,13.34000015258789,13.279999732971191,13.329999923706055,13.329999923706055,255205,13.24638500213623,13.388838005065917,13.245095252990723,13.461281756888358,13.028908749093087
2021-05-14 12:46:00-04:00,13.321000099182129,13.359999656677246,13.309700012207031,13.350099563598633,13.350099563598633,282695,13.255254983901978,13.380858001708985,13.251323790777297,13.471710198253826,13.030937383300769
2021-05-14 12:47:00-04:00,13.3548002243042,13.380000114440918,13.34000015258789,13.358599662780762,13.358599662780762,196738,13.263134956359863,13.372029991149903,13.260176159086681,13.482160768202663,13.0381915499707
2021-05-14 12:48:00-04:00,13.351099967956543,13.359999656677246,13.319999694824219,13.335000038146973,13.335000038146973,217581,13.269884967803955,13.362861995697022,13.26655710311163,13.489078308442393,13.044035897780867
2021-05-14 12:49:00-04:00,13.33489990234375,13.350000381469727,13.329999923706055,13.350000381469727,13.350000381469727,116916,13.275999975204467,13.354430007934571,13.273699987502326,13.496851071060961,13.05054890394369
2021-05-14 12:50:00-04:00,13.349100112915039,13.479999542236328,13.34000015258789,13.468700408935547,13.468700408935547,429881,13.286989974975587,13.34898801803589,13.28517618633452,13.522162672045397,13.048189700623642
2021-05-14 12:51:00-04:00,13.46500015258789,13.5,13.430000305175781,13.465100288391113,13.465100288391113,531939,13.300740003585815,13.344280033111572,13.295471418471564,13.543867147262558,13.04707568968057
2021-05-14 12:52:00-04:00,13.465100288391113,13.470000267028809,13.399999618530273,13.449999809265137,13.449999809265137,211620,13.316790008544922,13.338258037567138,13.30784761338007,13.559912247024396,13.055782979735742
2021-05-14 12:53:00-04:00,13.440099716186523,13.449899673461914,13.399999618530273,13.430000305175781,13.430000305175781,137680,13.33429503440857,13.331858043670655,13.322180975051154,13.565963619524613,13.078398330577695
2021-05-14 12:54:00-04:00,13.430000305175781,13.449999809265137,13.420000076293945,13.425000190734863,13.425000190734863,188110,13.350115060806274,13.324756050109864,13.338614327566964,13.560190865754402,13.117037789379525
2021-05-14 12:55:00-04:00,13.420999526977539,13.4399995803833,13.380000114440918,13.420000076293945,13.420000076293945,236934,13.367620086669922,13.317856044769288,13.353442918686639,13.551733485868871,13.155152351504407
2021-05-14 12:56:00-04:00,13.424500465393066,13.460000038146973,13.420100212097168,13.451199531555176,13.451199531555176,211006,13.383230066299438,13.312080039978028,13.371600060235886,13.52774831836492,13.215451802106854
2021-05-14 12:57:00-04:00,13.458999633789062,13.460000038146973,13.40999984741211,13.414999961853027,13.414999961853027,160835,13.391935062408447,13.306400032043458,13.384742918468657,13.501598579472416,13.267887257464897
2021-05-14 12:58:00-04:00,13.414999961853027,13.420000076293945,13.329999923706055,13.350000381469727,13.350000381469727,389801,13.390435075759887,13.301500034332275,13.389938172839937,13.488953014915266,13.290923330764608
2021-05-14 12:59:00-04:00,13.351200103759766,13.369999885559082,13.300000190734863,13.34000015258789,13.34000015258789,214696,13.3906400680542,13.29850004196167,13.388033412751698,13.489272455424043,13.286794370079352
2021-05-14 13:00:00-04:00,13.340200424194336,13.350000381469727,13.234999656677246,13.279999732971191,13.279999732971191,389129,13.386135053634643,13.295700035095216,13.385371480669294,13.494644229214394,13.276098732124193
2021-05-14 13:01:00-04:00,13.279999732971191,13.300000190734863,13.220000267028809,13.225000381469727,13.225000381469727,248742,13.376135063171386,13.291300048828125,13.378461974007744,13.507470688421376,13.24945325959411
2021-05-14 13:02:00-04:00,13.220000267028809,13.229999542236328,13.180000305175781,13.229000091552734,13.229000091552734,257759,13.367135047912598,13.286480045318603,13.369128635951451,13.511138173958287,13.227119097944616
2021-05-14 13:03:00-04:00,13.229999542236328,13.25,13.199999809265137,13.210100173950195,13.210100173950195,149458,13.358640050888061,13.280682048797608,13.359657196771531,13.515725154487177,13.203589239055885
2021-05-14 13:04:00-04:00,13.210000038146973,13.260000228881836,13.199999809265137,13.227800369262695,13.227800369262695,143529,13.355530071258546,13.277538051605225,13.352409589858283,13.517955304025799,13.186863875690767
2021-05-14 13:05:00-04:00,13.229999542236328,13.229999542236328,13.149999618530273,13.220000267028809,13.220000267028809,286790,13.350030088424683,13.275838050842285,13.349076271057129,13.522223640279902,13.175928901834356
2021-05-14 13:06:00-04:00,13.219900131225586,13.220000267028809,13.170000076293945,13.1850004196167,13.1850004196167,188568,13.341775131225585,13.274638061523438,13.342171532767159,13.52895688672005,13.155386178814268
2021-05-14 13:07:00-04:00,13.1899995803833,13.1899995803833,13.14009952545166,13.154999732971191,13.154999732971191,182909,13.331595134735107,13.27215805053711,13.332881064642043,13.5360010544021,13.129761074881987
2021-05-14 13:08:00-04:00,13.154999732971191,13.199000358581543,13.149999618530273,13.189000129699707,13.189000129699707,127004,13.324295139312744,13.272140045166015,13.324804896400089,13.536568849754296,13.113040943045881
2021-05-14 13:09:00-04:00,13.1899995803833,13.239999771118164,13.180000305175781,13.228500366210938,13.228500366210938,177777,13.318220138549805,13.273286056518554,13.319733483450753,13.53537606227058,13.104090904630926
2021-05-14 13:10:00-04:00,13.227800369262695,13.229999542236328,13.199999809265137,13.21500015258789,13.21500015258789,78734,13.305535125732423,13.274986057281494,13.313304901123047,13.533000146145376,13.093609656100718
2021-05-14 13:11:00-04:00,13.210100173950195,13.289899826049805,13.210100173950195,13.270099639892578,13.270099639892578,198838,13.295785093307495,13.278188056945801,13.30384772164481,13.512714874756643,13.094980568532979
2021-05-14 13:12:00-04:00,13.277000427246094,13.300000190734863,13.25,13.260000228881836,13.260000228881836,210987,13.28628511428833,13.281388053894043,13.294081052144369,13.490589265816057,13.097572838472681
2021-05-14 13:13:00-04:00,13.255000114440918,13.260000228881836,13.210000038146973,13.229999542236328,13.229999542236328,181749,13.276285076141358,13.281588039398194,13.283604848952521,13.46878571170803,13.098423986197012
2021-05-14 13:14:00-04:00,13.225000381469727,13.289999961853027,13.220000267028809,13.279999732971191,13.279999732971191,110796,13.269035053253173,13.283204040527345,13.276461964561825,13.449586368918174,13.103337560205476
2021-05-14 13:15:00-04:00,13.289999961853027,13.289999961853027,13.260000228881836,13.279999732971191,13.279999732971191,116304,13.262035036087036,13.284418029785156,13.269557180858794,13.429382636780263,13.109731724937324
2021-05-14 13:16:00-04:00,13.279999732971191,13.289999961853027,13.229999542236328,13.260000228881836,13.260000228881836,110351,13.25247507095337,13.28616403579712,13.261938140505837,13.40678359865548,13.117092682356194
2021-05-14 13:17:00-04:00,13.25,13.270000457763672,13.210000038146973,13.210100173950195,13.210100173950195,130740,13.242230081558228,13.286346035003662,13.250457218715123,13.369134900603171,13.131779536827075
2021-05-14 13:18:00-04:00,13.219599723815918,13.229000091552734,13.170000076293945,13.223400115966797,13.223400115966797,186053,13.235900068283081,13.286814041137696,13.241333416530065,13.334547140856811,13.148119692203318
2021-05-14 13:19:00-04:00,13.225000381469727,13.260000228881836,13.211299896240234,13.257800102233887,13.257800102233887,113828,13.23179006576538,13.287416038513184,13.236942927042643,13.316911345480454,13.156974508604831
2021-05-14 13:20:00-04:00,13.25,13.270000457763672,13.229999542236328,13.248100280761719,13.248100280761719,120722,13.230195093154908,13.287400035858154,13.232566742669968,13.298153087907295,13.166980397432642
2021-05-14 13:21:00-04:00,13.25,13.25,13.204999923706055,13.220000267028809,13.220000267028809,139287,13.229945087432862,13.287998046875,13.22970962524414,13.291893346878378,13.167525903609903
2021-05-14 13:22:00-04:00,13.210000038146973,13.229999542236328,13.140600204467773,13.145000457763672,13.145000457763672,292551,13.225745105743409,13.288318061828614,13.225900105067662,13.297888398877094,13.153911811258231
2021-05-14 13:23:00-04:00,13.149999618530273,13.180000305175781,13.130000114440918,13.15999984741211,13.15999984741211,194064,13.223240089416503,13.2899200630188,13.222614379156203,13.29988723630787,13.145341522004538
2021-05-14 13:24:00-04:00,13.158699989318848,13.189800262451172,13.140000343322754,13.154999732971191,13.154999732971191,213185,13.219600057601928,13.290848064422608,13.219990548633394,13.302400401055358,13.13758069621143
2021-05-14 13:25:00-04:00,13.154999732971191,13.199999809265137,13.154999732971191,13.164999961853027,13.164999961853027,194027,13.21685004234314,13.292750072479247,13.217000053042458,13.302582982722132,13.131417123362784
2021-05-14 13:26:00-04:00,13.16100025177002,13.199999809265137,13.15999984741211,13.18179988861084,13.18179988861084,89108,13.216690015792846,13.293606071472167,13.215180987403507,13.302056521740537,13.128305453066476
2021-05-14 13:27:00-04:00,13.1899995803833,13.199999809265137,13.170000076293945,13.180999755859375,13.180999755859375,76907,13.217990016937256,13.292408065795899,13.214990479605538,13.302149361737783,13.127831597473293
2021-05-14 13:28:00-04:00,13.180000305175781,13.239999771118164,13.170000076293945,13.239899635314941,13.239899635314941,238624,13.220534992218017,13.28960605621338,13.219033332098098,13.302451831293126,13.13561483290307
2021-05-14 13:29:00-04:00,13.234999656677246,13.255000114440918,13.220000267028809,13.229999542236328,13.229999542236328,172938,13.220609951019288,13.287488040924073,13.220985685076032,13.303406041485152,13.138565328666912
2021-05-14 13:30:00-04:00,13.238800048828125,13.25,13.199999809265137,13.22189998626709,13.22189998626709,164908,13.220954942703248,13.284524040222168,13.220671381269183,13.303024465023721,13.138318297514644
2021-05-14 13:31:00-04:00,13.227700233459473,13.239999771118164,13.199999809265137,13.210000038146973,13.210000038146973,84509,13.217949962615966,13.28022403717041,13.22043328058152,13.302880218013708,13.137986343149333
2021-05-14 13:32:00-04:00,13.210000038146973,13.25,13.199999809265137,13.248700141906738,13.248700141906738,73505,13.217384958267212,13.277018032073975,13.219414256867909,13.299869032718934,13.138959481016883
2021-05-14 13:33:00-04:00,13.247900009155273,13.260000228881836,13.210000038146973,13.221199989318848,13.221199989318848,118807,13.216944980621339,13.273842029571533,13.217566626412529,13.295946568414532,13.139186684410525
2021-05-14 13:34:00-04:00,13.228599548339844,13.258500099182129,13.221400260925293,13.239999771118164,13.239999771118164,80119,13.214944982528687,13.272842025756836,13.218042827787853,13.29684303630029,13.139242619275416
2021-05-14 13:35:00-04:00,13.239999771118164,13.25,13.180000305175781,13.210000038146973,13.210000038146973,177402,13.211444997787476,13.270442028045654,13.2147095089867,13.288464170630105,13.140954847343297
2021-05-14 13:36:00-04:00,13.210000038146973,13.229999542236328,13.180000305175781,13.182999610900879,13.182999610900879,87858,13.207594966888427,13.267100028991699,13.21009045555478,13.278851109642904,13.141329801466657
2021-05-14 13:37:00-04:00,13.180000305175781,13.220000267028809,13.15999984741211,13.220000267028809,13.220000267028809,136979,13.208089971542359,13.26432804107666,13.208185695466542,13.273406761973032,13.142964628960051
2021-05-14 13:38:00-04:00,13.21500015258789,13.229999542236328,13.1899995803833,13.223999977111816,13.223999977111816,95493,13.208119964599609,13.262108039855956,13.20884759085519,13.274417049431117,13.143278132279262
2021-05-14 13:39:00-04:00,13.220800399780273,13.260000228881836,13.199999809265137,13.199999809265137,13.199999809265137,187201,13.205229949951171,13.259108028411866,13.207733290536064,13.273068611234782,13.142397969837345
2021-05-14 13:40:00-04:00,13.207799911499023,13.229999542236328,13.1899995803833,13.210800170898438,13.210800170898438,95143,13.203364944458007,13.253950023651123,13.205495198567709,13.266885928194636,13.144104468940782
2021-05-14 13:41:00-04:00,13.21500015258789,13.260000228881836,13.199999809265137,13.241000175476074,13.241000175476074,156678,13.20441493988037,13.249468021392822,13.205157098316011,13.265670196140057,13.144644000491965
2021-05-14 13:42:00-04:00,13.249899864196777,13.25,13.220000267028809,13.239399909973145,13.239399909973145,83405,13.209134912490844,13.245256023406982,13.20608089083717,13.268059120645365,13.144102661028974
2021-05-14 13:43:00-04:00,13.237799644470215,13.25,13.180000305175781,13.210000038146973,13.210000038146973,209718,13.211634922027589,13.240856018066406,13.209176108950661,13.264754803831185,13.153597414070138
2021-05-14 13:44:00-04:00,13.204999923706055,13.229999542236328,13.199999809265137,13.199999809265137,13.199999809265137,65579,13.213884925842285,13.236356010437012,13.2110808690389,13.262325602573547,13.159836135504253
2021-05-14 13:45:00-04:00,13.199999809265137,13.199999809265137,13.15999984741211,13.164999961853027,13.164999961853027,169763,13.213884925842285,13.231256008148193,13.211557070414225,13.260840644375582,13.162273496452867
2021-05-14 13:46:00-04:00,13.170000076293945,13.170000076293945,13.109999656677246,13.130000114440918,13.130000114440918,375131,13.21129493713379,13.224832019805909,13.20989041101365,13.267152506430966,13.152628315596333
2021-05-14 13:47:00-04:00,13.130000114440918,13.140000343322754,13.050000190734863,13.050000190734863,13.050000190734863,357888,13.204744958877564,13.217532024383544,13.203614234924316,13.29237794372591,13.114850526122723
2021-05-14 13:48:00-04:00,13.05109977722168,13.100000381469727,13.050100326538086,13.052000045776367,13.052000045776367,265475,13.195349979400635,13.211572017669678,13.19747139158703,13.307215963189494,13.087726819984566
2021-05-14 13:49:00-04:00,13.059000015258789,13.0600004196167,13.010000228881836,13.03499984741211,13.03499984741211,419315,13.185599994659423,13.205472011566162,13.187714258829752,13.315715900928211,13.059712616731293
2021-05-14 13:50:00-04:00,13.032099723815918,13.03499984741211,12.930000305175781,12.960000038146973,12.960000038146973,803750,13.172504997253418,13.199072017669678,13.174857139587402,13.334024518593916,13.015689760580889
2021-05-14 13:51:00-04:00,12.952899932861328,12.970000267028809,12.84000015258789,12.869999885559082,12.869999885559082,826715,13.155504989624024,13.191972007751465,13.15809999193464,13.362129477516234,12.954070506353045
2021-05-14 13:52:00-04:00,12.869000434875488,12.9399995803833,12.859999656677246,12.939000129699707,12.939000129699707,544748,13.140019989013672,13.186172008514404,13.145195234389533,13.368039695556764,12.922350773222302
2021-05-14 13:53:00-04:00,12.9350004196167,12.970000267028809,12.930000305175781,12.96619987487793,12.96619987487793,267982,13.127269983291626,13.181294002532958,13.131742840721493,13.362016598233378,12.901469083209609
2021-05-14 13:54:00-04:00,12.96049976348877,13.010000228881836,12.949999809265137,12.98900032043457,12.98900032043457,316517,13.114720010757447,13.176518001556396,13.120685713631767,13.355013308329484,12.88635811893405
2021-05-14 13:55:00-04:00,12.983799934387207,13.069999694824219,12.970000267028809,13.058300018310547,13.058300018310547,307178,13.107135009765624,13.17328399658203,13.11203334445045,13.341425139951253,12.882641548949648
2021-05-14 13:56:00-04:00,13.058300018310547,13.059100151062012,13.010000228881836,13.03499984741211,13.03499984741211,246610,13.099735021591187,13.170283985137939,13.103700002034506,13.330937387441102,12.87646261662791
2021-05-14 13:57:00-04:00,13.039999961853027,13.079999923706055,13.029999732971191,13.0649995803833,13.0649995803833,210069,13.091984987258911,13.168483982086181,13.09808095296224,13.32300154426954,12.873160361654941
2021-05-14 13:58:00-04:00,13.068699836730957,13.130000114440918,13.029999732971191,13.089900016784668,13.089900016784668,320831,13.085279989242554,13.166501979827881,13.091885702950615,13.310042005362291,12.873729400538938
2021-05-14 13:59:00-04:00,13.085000038146973,13.123299598693848,13.0600004196167,13.06470012664795,13.06470012664795,358306,13.078515005111694,13.163225975036621,13.084299995785667,13.294417631989324,12.87418235958201
2021-05-14 14:00:00-04:00,13.0649995803833,13.074999809265137,13.020000457763672,13.069000244140625,13.069000244140625,301658,13.071425008773804,13.160305976867676,13.078061921255928,13.281694310570327,12.87442953194153
2021-05-14 14:01:00-04:00,13.0600004196167,13.109999656677246,13.041999816894531,13.101900100708008,13.101900100708008,152278,13.0644700050354,13.156941986083984,13.072876203627814,13.268023548349097,12.877728858906531
2021-05-14 14:02:00-04:00,13.109999656677246,13.140000343322754,13.072999954223633,13.107199668884277,13.107199668884277,276164,13.057859992980957,13.153885974884034,13.066504750932966,13.2473797267688,12.885629775097131
2021-05-14 14:03:00-04:00,13.109999656677246,13.180000305175781,13.109000205993652,13.175000190734863,13.175000190734863,252238,13.056110000610351,13.152785987854005,13.063438097635904,13.234309539571104,12.892566655700705
2021-05-14 14:04:00-04:00,13.175000190734863,13.180000305175781,13.119999885559082,13.130000114440918,13.130000114440918,183086,13.05261001586914,13.149785995483398,13.059628577459426,13.220450112894,12.898807042024853
2021-05-14 14:05:00-04:00,13.125,13.15999984741211,13.100000381469727,13.13949966430664,13.13949966430664,115538,13.051335000991822,13.146975994110107,13.056747618175688,13.209294922752974,12.904200313598402
2021-05-14 14:06:00-04:00,13.140000343322754,13.170000076293945,13.139900207519531,13.164999961853027,13.164999961853027,169577,13.053084993362427,13.14507598876953,13.056747618175688,13.209294922752974,12.904200313598402
2021-05-14 14:07:00-04:00,13.166999816894531,13.199999809265137,13.15999984741211,13.170000076293945,13.170000076293945,213948,13.05908498764038,13.144273986816406,13.058652378263927,13.215779711958573,12.901525044569281
2021-05-14 14:08:00-04:00,13.170000076293945,13.180000305175781,13.130000114440918,13.135000228881836,13.135000228881836,163189,13.063234996795654,13.142505989074706,13.06269999912807,13.223100025051224,12.902299973204915
2021-05-14 14:09:00-04:00,13.139100074768066,13.170000076293945,13.135000228881836,13.140000343322754,13.140000343322754,91916,13.068485021591187,13.140149993896484,13.06689048948742,13.230545886365476,12.903235092609364
2021-05-14 14:10:00-04:00,13.145000457763672,13.180000305175781,13.140000343322754,13.17140007019043,13.17140007019043,82386,13.079055023193359,13.138615989685059,13.073385738191151,13.242251108795115,12.904520367587187
2021-05-14 14:11:00-04:00,13.175000190734863,13.180000305175781,13.15999984741211,13.164999961853027,13.164999961853027,102418,13.093805027008056,13.137515983581544,13.08314763932001,13.248295581980793,12.917999696659228
2021-05-14 14:12:00-04:00,13.168800354003906,13.25,13.149999618530273,13.239999771118164,13.239999771118164,310054,13.10885500907898,13.139415969848633,13.10076668148949,13.249160613224758,12.952372749754224
2021-05-14 14:13:00-04:00,13.25,13.25,13.170000076293945,13.199000358581543,13.199000358581543,286473,13.12049503326416,13.140195980072022,13.113147644769578,13.248164524598431,12.978130764940724
2021-05-14 14:14:00-04:00,13.1899995803833,13.199999809265137,13.170000076293945,13.179100036621094,13.179100036621094,155410,13.130000019073487,13.14067798614502,13.123285747709728,13.243713143872867,13.002858351546589
2021-05-14 14:15:00-04:00,13.174599647521973,13.180000305175781,13.119999885559082,13.172900199890137,13.172900199890137,214986,13.135730028152466,13.140835990905762,13.13204288482666,13.237884988297049,13.026200781356271
2021-05-14 14:16:00-04:00,13.177000045776367,13.21500015258789,13.177000045776367,13.1899995803833,13.1899995803833,141778,13.143480014801025,13.14099998474121,13.138314292544411,13.241486786777815,13.035141798311008
2021-05-14 14:17:00-04:00,13.190699577331543,13.199999809265137,13.15999984741211,13.175000190734863,13.175000190734863,155124,13.148980045318604,13.140879993438721,13.144980975559779,13.238112935944114,13.051849015175444
2021-05-14 14:18:00-04:00,13.175000190734863,13.180000305175781,13.119999885559082,13.149999618530273,13.149999618530273,173709,13.151985025405883,13.139081993103026,13.149028596423921,13.234956327146064,13.063100865701779
2021-05-14 14:19:00-04:00,13.151000022888184,13.170000076293945,13.100000381469727,13.128899574279785,13.128899574279785,150028,13.155194997787476,13.137059993743897,13.150885718209404,13.233201826435495,13.068569609983312
2021-05-14 14:20:00-04:00,13.130000114440918,13.149200439453125,13.100000381469727,13.104999542236328,13.104999542236328,128170,13.156994962692261,13.134721984863281,13.152804737999325,13.228559326059472,13.07705014993918
2021-05-14 14:21:00-04:00,13.109999656677246,13.119999885559082,13.0600004196167,13.0600004196167,13.0600004196167,246367,13.154899978637696,13.131721992492675,13.152376174926758,13.230114955430905,13.074637394422611
2021-05-14 14:22:00-04:00,13.061200141906738,13.09000015258789,13.0600004196167,13.061599731445312,13.061599731445312,163909,13.152619981765747,13.127979984283447,13.150457109723773,13.234848362884309,13.066065856563236
2021-05-14 14:23:00-04:00,13.069100379943848,13.100000381469727,13.029999732971191,13.038900375366211,13.038900375366211,230016,13.145814990997314,13.124333992004395,13.147204762413388,13.242652194871832,13.051757329954944
2021-05-14 14:24:00-04:00,13.029999732971191,13.0600004196167,12.969900131225586,12.970000267028809,12.970000267028809,315063,13.137814998626709,13.118934001922607,13.137442861284528,13.258310611247614,13.016575111321442
2021-05-14 14:25:00-04:00,12.970000267028809,13.0,12.920000076293945,12.970000267028809,12.970000267028809,278380,13.129340028762817,13.114134006500244,13.129823820931572,13.270356983730595,12.989290658132548
2021-05-14 14:26:00-04:00,12.960100173950195,13.020000457763672,12.949999809265137,13.009900093078613,13.009900093078613,249726,13.121585035324097,13.110672016143798,13.123652412777854,13.273119453008434,12.974185372547275
2021-05-14 14:27:00-04:00,13.009099960327148,13.050000190734863,13.0,13.039999961853027,13.039999961853027,227175,13.115085029602051,13.107072010040284,13.117700031825475,13.27005888500452,12.96534117864643
2021-05-14 14:28:00-04:00,13.038999557495117,13.0600004196167,13.000100135803223,13.005000114440918,13.005000114440918,194324,13.108585023880005,13.102692012786866,13.109842890784854,13.267571984698806,12.952113796870902
2021-05-14 14:29:00-04:00,13.005000114440918,13.010000228881836,12.96500015258789,12.9891996383667,12.9891996383667,203478,13.101044988632202,13.098476009368897,13.102900005522228,13.268302992236968,12.937497018807488
2021-05-14 14:30:00-04:00,12.98009967803955,13.010000228881836,12.960000038146973,12.962300300598145,12.962300300598145,228808,13.090590000152588,13.09350601196289,13.094438098725819,13.269372446219524,12.919503751232114
2021-05-14 14:31:00-04:00,12.96500015258789,12.970000267028809,12.90999984741211,12.9399995803833,12.9399995803833,284031,13.079339981079102,13.087486000061036,13.083419027782622,13.26660169168157,12.900236363883673
2021-05-14 14:32:00-04:00,12.931599617004395,12.970000267028809,12.920000076293945,12.939499855041504,12.939499855041504,159801,13.064314985275269,13.081487998962402,13.072680927458263,13.261865757368337,12.88349609754819
2021-05-14 14:33:00-04:00,12.938899993896484,12.949999809265137,12.854999542236328,12.878100395202637,12.878100395202637,394954,13.048269987106323,13.074850006103516,13.05544762384324,13.246465971999827,12.864429275686652
2021-05-14 14:34:00-04:00,12.875,12.930000305175781,12.847599983215332,12.918000221252441,12.918000221252441,391164,13.03521499633789,13.069210014343263,13.042066664922805,13.230311841198162,12.853821488647448
2021-05-14 14:35:00-04:00,12.911100387573242,12.920000076293945,12.880000114440918,12.909000396728516,12.909000396728516,187818,13.02202000617981,13.064090023040771,13.029204777308873,13.21511643885266,12.843293115765087
2021-05-14 14:36:00-04:00,12.909899711608887,12.90999984741211,12.8100004196167,12.839099884033203,12.839099884033203,333442,13.004475021362305,13.058272018432618,13.01330952417283,13.204410561842852,12.822208486502806
2021-05-14 14:37:00-04:00,12.831000328063965,12.84000015258789,12.75,12.760000228881836,12.760000228881836,748171,12.983725023269653,13.052472019195557,12.992833364577521,13.195704514742873,12.789962214412169
2021-05-14 14:38:00-04:00,12.75879955291748,12.760000228881836,12.65999984741211,12.720000267028809,12.720000267028809,780087,12.96222505569458,13.045832023620605,12.971166701543899,13.188392436506716,12.753940966581082
2021-05-14 14:39:00-04:00,12.720000267028809,12.739999771118164,12.600000381469727,12.664999961853027,12.664999961853027,716417,12.939030075073243,13.038432025909424,12.948071479797363,13.186603984993202,12.709538974601525
2021-05-14 14:40:00-04:00,12.670000076293945,12.670000076293945,12.609999656677246,12.645000457763672,12.645000457763672,595226,12.916030120849609,13.032132034301759,12.925028664725167,13.182163148693846,12.667894180756488
2021-05-14 14:41:00-04:00,12.628899574279785,12.699999809265137,12.615900039672852,12.69849967956543,12.69849967956543,457561,12.897955083847046,13.028702030181885,12.905671528407506,13.166903241861966,12.644439814953046
2021-05-14 14:42:00-04:00,12.698599815368652,12.720000267028809,12.680000305175781,12.691399574279785,12.691399574279785,446177,12.87944507598877,13.023750019073486,12.888119107200986,13.155033515945426,12.621204698456545
2021-05-14 14:43:00-04:00,12.698800086975098,12.699999809265137,12.619999885559082,12.648200035095215,12.648200035095215,345128,12.85991005897522,13.017390022277832,12.868433407374791,13.142213869779754,12.594652944969829
2021-05-14 14:44:00-04:00,12.649200439453125,12.729999542236328,12.640000343322754,12.718799591064453,12.718799591064453,360498,12.847350025177002,13.01198600769043,12.85319051288423,13.122889618161956,12.583491407606505
2021-05-14 14:45:00-04:00,12.720000267028809,12.859999656677246,12.710000038146973,12.850000381469727,12.850000381469727,793627,12.841350030899047,13.007820014953614,12.847476232619513,13.112026816214245,12.582925649024782
2021-05-14 14:46:00-04:00,12.842100143432617,12.920000076293945,12.819999694824219,12.909700393676758,12.909700393676758,500625,12.836340045928955,13.005314025878906,12.84460481007894,13.105015881037861,12.584193739120018
2021-05-14 14:47:00-04:00,12.90999984741211,12.989999771118164,12.899999618530273,12.958999633789062,12.958999633789062,497005,12.832290029525756,13.003194026947021,12.842180978684198,13.09724118555215,12.587120771816245
2021-05-14 14:48:00-04:00,12.954999923706055,12.979999542236328,12.920000076293945,12.940799713134766,12.940799713134766,443519,12.82908000946045,13.000212020874024,12.837457157316662,13.081008510393907,12.593905804239416
2021-05-14 14:49:00-04:00,12.940099716186523,12.989999771118164,12.9399995803833,12.984999656677246,12.984999656677246,313767,12.828870010375976,12.99861801147461,12.836504754566011,13.07755068951904,12.595458819612983
2021-05-14 14:50:00-04:00,12.989999771118164,13.010000228881836,12.930000305175781,12.982199668884277,12.982199668884277,599962,12.829864978790283,12.996881999969482,12.836171422685895,13.076382774076224,12.595960071295567
2021-05-14 14:51:00-04:00,12.980899810791016,13.039999961853027,12.975799560546875,13.010000228881836,13.010000228881836,376708,12.83336501121521,12.995044002532959,12.838442847842263,13.084265863527955,12.59261983215657
2021-05-14 14:52:00-04:00,13.0108003616333,13.029999732971191,12.979599952697754,13.0,13.0,331153,12.836390018463135,12.992900009155273,12.841300010681152,13.093149931637234,12.589450089725071
2021-05-14 14:53:00-04:00,12.989999771118164,13.005000114440918,12.920000076293945,12.9399995803833,12.9399995803833,340385,12.839484977722169,12.988199996948243,12.841323807125999,13.09321124276633,12.589436371485668
2021-05-14 14:54:00-04:00,12.931599617004395,12.968799591064453,12.91100025177002,12.935799598693848,12.935799598693848,245973,12.840374946594238,12.9843159866333,12.844071388244629,13.09877019332862,12.589372583160637
2021-05-14 14:55:00-04:00,12.932000160217285,12.949999809265137,12.859999656677246,12.871399879455566,12.871399879455566,430547,12.838494920730591,12.97895399093628,12.84185232434954,13.094726334121281,12.5889783145778
2021-05-14 14:56:00-04:00,12.871000289916992,12.90999984741211,12.850000381469727,12.904999732971191,12.904999732971191,370750,12.84178991317749,12.973753986358643,12.841661816551571,13.094337484527097,12.588986148576046
2021-05-14 14:57:00-04:00,12.904999732971191,12.90999984741211,12.859999656677246,12.880000114440918,12.880000114440918,158481,12.847789907455445,12.967953987121582,12.843609446570987,13.096810464863998,12.590408428277977
2021-05-14 14:58:00-04:00,12.869999885559082,12.90999984741211,12.869999885559082,12.892900466918945,12.892900466918945,191269,12.85643491744995,12.963111991882323,12.849938029334659,13.101081705128042,12.598794353541276
2021-05-14 14:59:00-04:00,12.899999618530273,12.90999984741211,12.840100288391113,12.873100280761719,12.873100280761719,153922,12.866839933395386,12.957773990631104,12.857228506179084,13.101602719195895,12.612854293162272
2021-05-14 15:00:00-04:00,12.880000114440918,12.90999984741211,12.869999885559082,12.899999618530273,12.899999618530273,203505,12.879589891433715,12.952345981597901,12.868418966020856,13.097476411921326,12.639361520120387
2021-05-14 15:01:00-04:00,12.904999732971191,12.970000267028809,12.851499557495117,12.859700202941895,12.859700202941895,438960,12.88764991760254,12.946239986419677,12.878642763410296,13.084731233907652,12.67255429291294
2021-05-14 15:02:00-04:00,12.850000381469727,12.854000091552734,12.579999923706055,12.580100059509277,12.580100059509277,1226313,12.882084941864013,12.9330419921875,12.873004686264764,13.103722268716886,12.642287103812642
2021-05-14 15:03:00-04:00,12.580499649047852,12.680000305175781,12.569999694824219,12.595000267028809,12.595000267028809,777291,12.879424953460694,12.920961990356446,12.868414243062338,13.116720321742998,12.620108164381678
2021-05-14 15:04:00-04:00,12.59000015258789,12.65999984741211,12.59000015258789,12.625,12.625,461319,12.87473497390747,12.909879989624024,12.867309479486375,13.119731815631646,12.614887143341104
2021-05-14 15:05:00-04:00,12.621999740600586,12.635000228881836,12.59000015258789,12.614999771118164,12.614999771118164,345178,12.862984943389893,12.898721981048585,12.862366630917503,13.129967032067462,12.594766229767544
2021-05-14 15:06:00-04:00,12.619400024414062,12.710000038146973,12.619400024414062,12.6850004196167,12.6850004196167,419413,12.85174994468689,12.888621997833251,12.854509489876884,13.132671644465786,12.576347335287982
2021-05-14 15:07:00-04:00,12.680000305175781,12.739999771118164,12.670000076293945,12.734999656677246,12.734999656677246,308116,12.840549945831299,12.8798219871521,12.84619040716262,13.12771011177379,12.56467070255145
2021-05-14 15:08:00-04:00,12.734999656677246,12.739999771118164,12.649999618530273,12.675000190734863,12.675000190734863,282839,12.827259969711303,12.870321998596191,12.83266662416004,13.118499323852856,12.546833924467226
2021-05-14 15:09:00-04:00,12.680000305175781,12.699999809265137,12.65999984741211,12.65999984741211,12.65999984741211,172105,12.811009979248047,12.860944004058839,12.81929520198277,13.1099149227962,12.52867548116934
2021-05-14 15:10:00-04:00,12.667799949645996,12.739999771118164,12.664999961853027,12.729000091552734,12.729000091552734,295780,12.79835000038147,12.853424015045166,12.80710474650065,13.090216614923586,12.523992878077715
2021-05-14 15:11:00-04:00,12.720000267028809,12.770000457763672,12.699999809265137,12.70009994506836,12.70009994506836,330682,12.782854986190795,12.846226005554199,12.79367142631894,13.06887121574274,12.518471636895141
2021-05-14 15:12:00-04:00,12.704999923706055,12.708999633789062,12.569999694824219,12.579999923706055,12.579999923706055,417714,12.761854982376098,12.836594009399414,12.77319522131057,13.044901358121887,12.501489084499251
2021-05-14 15:13:00-04:00,12.585000038146973,12.630000114440918,12.574999809265137,12.604999542236328,12.604999542236328,278335,12.74510498046875,12.827915992736816,12.754385675702776,13.015058538676325,12.493712812729228
2021-05-14 15:14:00-04:00,12.608699798583984,12.659899711608887,12.600700378417969,12.649999618530273,12.649999618530273,216108,12.730814981460572,12.821515979766845,12.740576153709775,12.990888871298003,12.490263436121547
2021-05-14 15:15:00-04:00,12.654999732971191,12.720000267028809,12.649999618530273,12.694999694824219,12.694999694824219,211685,12.721994972229004,12.816015968322754,12.729109491620745,12.964065853320449,12.494153129921042
2021-05-14 15:16:00-04:00,12.694999694824219,12.710000038146973,12.640000343322754,12.654999732971191,12.654999732971191,216544,12.709494972229004,12.808917961120606,12.718804722740536,12.946712942970716,12.490896502510356
2021-05-14 15:17:00-04:00,12.65470027923584,12.720000267028809,12.649999618530273,12.710000038146973,12.710000038146973,228134,12.700994968414307,12.802317962646484,12.709519022987003,12.921533421683117,12.497504624290888
2021-05-14 15:18:00-04:00,12.718600273132324,12.75,12.710000038146973,12.75,12.75,226619,12.69384994506836,12.797217960357665,12.70332854134696,12.902144321515133,12.504512761178786
2021-05-14 15:19:00-04:00,12.75,12.75,12.6899995803833,12.729999542236328,12.729999542236328,194920,12.68669490814209,12.79203395843506,12.69557135445731,12.875900910392566,12.515241798522055
2021-05-14 15:20:00-04:00,12.729999542236328,12.8100004196167,12.720000267028809,12.80620002746582,12.80620002746582,197819,12.682004928588867,12.788911952972413,12.692385628109886,12.862017372044024,12.522753884175748
2021-05-14 15:21:00-04:00,12.8100004196167,12.940999984741211,12.789999961853027,12.920000076293945,12.920000076293945,671764,12.685019922256469,12.788511962890626,12.693338030860538,12.867818062824567,12.51885799889651
2021-05-14 15:22:00-04:00,12.910599708557129,12.9399995803833,12.880000114440918,12.909099578857422,12.909099578857422,341117,12.701469898223877,12.787903957366943,12.695690382094611,12.88020811122941,12.511172652959813
2021-05-14 15:23:00-04:00,12.909000396728516,12.920000076293945,12.859999656677246,12.885000228881836,12.885000228881836,247748,12.715969896316528,12.788041954040528,12.710209437779017,12.903894442609671,12.516524432948364
2021-05-14 15:24:00-04:00,12.881600379943848,12.889900207519531,12.84000015258789,12.848299980163574,12.848299980163574,226682,12.727134895324706,12.78664794921875,12.722271328880673,12.917310530156906,12.52723212760444
2021-05-14 15:25:00-04:00,12.840999603271484,12.880000114440918,12.84000015258789,12.84000015258789,12.84000015258789,130583,12.738384914398193,12.785267944335937,12.732509431384859,12.928627565739141,12.536391297030576
2021-05-14 15:26:00-04:00,12.849900245666504,12.930000305175781,12.845000267028809,12.914999961853027,12.914999961853027,287948,12.74988489151001,12.786785945892333,12.746795154753185,12.950224704280778,12.543365605225592
2021-05-14 15:27:00-04:00,12.920000076293945,12.920000076293945,12.880000114440918,12.880000114440918,12.880000114440918,239664,12.757134914398193,12.789185943603515,12.75608085450672,12.965151391241061,12.54701031777238
2021-05-14 15:28:00-04:00,12.880000114440918,12.90999984741211,12.850000381469727,12.890000343322754,12.890000343322754,250431,12.767884922027587,12.792585945129394,12.763461839585077,12.97991095677815,12.547012722392003
2021-05-14 15:29:00-04:00,12.888199806213379,12.909500122070312,12.880000114440918,12.895000457763672,12.895000457763672,160971,12.779634952545166,12.797185955047608,12.773938042776924,12.993546449129852,12.554329636423997
2021-05-14 15:30:00-04:00,12.898099899291992,12.9399995803833,12.890000343322754,12.932100296020508,12.932100296020508,358713,12.789789962768555,12.802927951812745,12.786895206996373,13.010193254528502,12.563597159464244
2021-05-14 15:31:00-04:00,12.930000305175781,12.970000267028809,12.899999618530273,12.914999961853027,12.914999961853027,313631,12.800534963607788,12.807257957458496,12.79575234367734,13.023905691244297,12.567598996110382
2021-05-14 15:32:00-04:00,12.920000076293945,13.010000228881836,12.914999961853027,12.979999542236328,12.979999542236328,442950,12.820534944534302,12.813029956817626,12.809080895923433,13.045936332653588,12.572225459193278
2021-05-14 15:33:00-04:00,12.989899635314941,12.989899635314941,12.90999984741211,12.960000038146973,12.960000038146973,225122,12.838284969329834,12.819265956878661,12.82717613946824,13.048704136552827,12.605648142383652
2021-05-14 15:34:00-04:00,12.96500015258789,12.979999542236328,12.920000076293945,12.9350004196167,12.9350004196167,163515,12.852535009384155,12.823589973449707,12.842890466962542,13.04495524670575,12.640825687219333
2021-05-14 15:35:00-04:00,12.931099891662598,12.949999809265137,12.920000076293945,12.926199913024902,12.926199913024902,123228,12.86409502029419,12.82511396408081,12.856042861938477,13.041296293694245,12.670789430182708
2021-05-14 15:36:00-04:00,12.930000305175781,12.930000305175781,12.869999885559082,12.875,12.875,236518,12.87509503364563,12.824419956207276,12.864614305042085,13.03523063908048,12.693997971003691
2021-05-14 15:37:00-04:00,12.872699737548828,12.875,12.8100004196167,12.819899559020996,12.819899559020996,302385,12.880590009689332,12.821637954711914,12.872466677711124,13.016708146869947,12.7282252085523
2021-05-14 15:38:00-04:00,12.819899559020996,12.859999656677246,12.805000305175781,12.854999542236328,12.854999542236328,155735,12.885839986801148,12.819921951293946,12.879371416001092,13.00427885246696,12.754463979535224
2021-05-14 15:39:00-04:00,12.859999656677246,12.869999885559082,12.8100004196167,12.810500144958496,12.810500144958496,200043,12.889865016937256,12.816431961059571,12.88225237528483,12.997424578399446,12.767080172170214
2021-05-14 15:40:00-04:00,12.810600280761719,12.850000381469727,12.805000305175781,12.847700119018555,12.847700119018555,156955,12.891940021514893,12.813741970062257,12.887857164655413,12.98227457787778,12.793439751433047
2021-05-14 15:41:00-04:00,12.84000015258789,12.869999885559082,12.829999923706055,12.840100288391113,12.840100288391113,228949,12.88794503211975,12.810343971252442,12.889471462794713,12.979257034739083,12.799685890850343
2021-05-14 15:42:00-04:00,12.840100288391113,12.859999656677246,12.84000015258789,12.850000381469727,12.850000381469727,145441,12.884990072250366,12.807343978881836,12.88613814399356,12.976342727994071,12.795933559993047
2021-05-14 15:43:00-04:00,12.850000381469727,12.890000343322754,12.829999923706055,12.87909984588623,12.87909984588623,187985,12.884695053100586,12.806125984191894,12.884709585280646,12.974358235324674,12.795060935236618
2021-05-14 15:44:00-04:00,12.87969970703125,12.890000343322754,12.859999656677246,12.875,12.875,208072,12.886030054092407,12.804909992218018,12.88423338390532,12.97397778798406,12.79448897982658
2021-05-14 15:45:00-04:00,12.880000114440918,12.920000076293945,12.871700286865234,12.899999618530273,12.899999618530273,298175,12.889030027389527,12.805481986999512,12.886695271446591,12.975178834742438,12.798211708150744
2021-05-14 15:46:00-04:00,12.895000457763672,12.939900398254395,12.890000343322754,12.924699783325195,12.924699783325195,256996,12.889515018463134,12.805875988006592,12.890728587195987,12.978034567161364,12.80342260723061
2021-05-14 15:47:00-04:00,12.928899765014648,12.949999809265137,12.90999984741211,12.930000305175781,12.930000305175781,247787,12.892015027999879,12.80687599182129,12.891442889258975,12.979779521481332,12.80310625703662
2021-05-14 15:48:00-04:00,12.937800407409668,12.9399995803833,12.90999984741211,12.9399995803833,12.9399995803833,216383,12.894514989852905,12.807817974090575,12.894300006684803,12.984843696879102,12.803756316490505
2021-05-14 15:49:00-04:00,12.930000305175781,12.9399995803833,12.90999984741211,12.925000190734863,12.925000190734863,203781,12.896014976501466,12.80885597229004,12.89596666608538,12.987423978049689,12.804509354121071
2021-05-14 15:50:00-04:00,12.925000190734863,12.9399995803833,12.90999984741211,12.920000076293945,12.920000076293945,225700,12.895409965515137,12.809255981445313,12.897157124110631,12.989186958581806,12.805127289639456
2021-05-14 15:51:00-04:00,12.925000190734863,12.9399995803833,12.920000076293945,12.925000190734863,12.925000190734863,171389,12.895909976959228,12.810561981201172,12.896819023858933,12.98837994457817,12.805258103139696
2021-05-14 15:52:00-04:00,12.925000190734863,12.930000305175781,12.90999984741211,12.925000190734863,12.925000190734863,169510,12.893160009384156,12.817459983825684,12.89729522523426,12.98933620449729,12.805254245971229
2021-05-14 15:53:00-04:00,12.925000190734863,12.960000038146973,12.920000076293945,12.949000358581543,12.949000358581543,366899,12.892610025405883,12.824539985656738,12.89581907363165,12.983354409764763,12.808283737498536
2021-05-14 15:54:00-04:00,12.947699546813965,13.020000457763672,12.9399995803833,13.019200325012207,13.019200325012207,538402,12.896820020675658,12.832423992156983,12.898638134910946,12.997446964413664,12.79982930540823
2021-05-14 15:55:00-04:00,13.010100364685059,13.019499778747559,12.9399995803833,12.954999923706055,12.954999923706055,403068,12.898260021209717,12.83922399520874,12.899590492248535,13.000167459148711,12.799013525348359
2021-05-14 15:56:00-04:00,12.960000038146973,12.989999771118164,12.949999809265137,12.984999656677246,12.984999656677246,211302,12.90376000404358,12.845223979949951,12.902390480041504,13.008923427689739,12.795857532393269
2021-05-14 15:57:00-04:00,12.989899635314941,13.010000228881836,12.970000267028809,13.0,13.0,385517,12.91276502609253,12.850523986816405,12.908342860993885,13.021887175762881,12.79479854622489
2021-05-14 15:58:00-04:00,12.994999885559082,12.99899959564209,12.9399995803833,12.949999809265137,12.949999809265137,426558,12.91751503944397,12.856023979187011,12.91453811100551,13.022094232921896,12.806981989089126
2021-05-14 15:59:00-04:00,12.954999923706055,13.0,12.9399995803833,12.96500015258789,12.96500015258789,758060,12.92524003982544,12.862123985290527,12.919776235307966,13.025917020471388,12.813635450144544
2021-05-14 16:00:00-04:00,12.979999542236328,12.979999542236328,12.979999542236328,12.979999542236328,12.979999542236328,0,12.931855010986329,12.867143974304199,12.927847635178338,13.02483242194131,12.830862848415366
