Datetime,Open,High,Low,Close,Adj Close,Volume,STMA,LTMA,Bollinger-Middle,Bollinger-Upper,Bollinger-Lower
2021-05-14 09:30:00-04:00,245.5749969482422,246.1199951171875,245.49000549316406,246.02000427246094,246.02000427246094,659173,,,,,
2021-05-14 09:31:00-04:00,245.99000549316406,246.39999389648438,245.8300018310547,246.2899932861328,246.2899932861328,163914,,,,,
2021-05-14 09:32:00-04:00,246.30999755859375,246.7100067138672,246.0399932861328,246.7100067138672,246.7100067138672,148031,,,,,
2021-05-14 09:33:00-04:00,247.0,247.16000366210938,247.0,247.16000366210938,247.16000366210938,215704,,,,,
2021-05-14 09:34:00-04:00,247.25,247.27000427246094,247.25,247.27000427246094,247.27000427246094,166572,,,,,
2021-05-14 09:35:00-04:00,247.25,247.5399932861328,247.13999938964844,247.53379821777344,247.53379821777344,181888,,,,,
2021-05-14 09:36:00-04:00,247.75,247.75,247.61000061035156,247.67999267578125,247.67999267578125,218958,,,,,
2021-05-14 09:37:00-04:00,247.5,247.6199951171875,247.39999389648438,247.5800018310547,247.5800018310547,166118,,,,,
2021-05-14 09:38:00-04:00,248.0,248.27000427246094,248.0,248.25,248.25,196484,,,,,
2021-05-14 09:39:00-04:00,248.25,248.63999938964844,248.24000549316406,248.33999633789062,248.33999633789062,248168,,,,,
2021-05-14 09:40:00-04:00,248.0,248.02000427246094,247.61500549316406,247.61500549316406,247.61500549316406,273764,,,,,
2021-05-14 09:41:00-04:00,247.25010681152344,247.44000244140625,247.0,247.05999755859375,247.05999755859375,136805,,,,,
2021-05-14 09:42:00-04:00,247.02000427246094,247.1999969482422,246.75,246.9600067138672,246.9600067138672,155702,,,,,
2021-05-14 09:43:00-04:00,247.0,247.0,246.8300018310547,246.8300018310547,246.8300018310547,84305,,,,,
2021-05-14 09:44:00-04:00,246.83999633789062,246.8800048828125,246.77999877929688,246.8300018310547,246.8300018310547,81532,,,,,
2021-05-14 09:45:00-04:00,247.08990478515625,247.22799682617188,247.0399932861328,247.07000732421875,247.07000732421875,67039,,,,,
2021-05-14 09:46:00-04:00,247.0,247.0,246.69000244140625,246.91000366210938,246.91000366210938,65043,,,,,
2021-05-14 09:47:00-04:00,246.83999633789062,247.1699981689453,246.69000244140625,247.01499938964844,247.01499938964844,97874,,,,,
2021-05-14 09:48:00-04:00,246.92999267578125,247.0800018310547,246.92999267578125,247.02999877929688,247.02999877929688,38393,,,,,
2021-05-14 09:49:00-04:00,247.0,247.0,246.75,246.8715057373047,246.8715057373047,40058,247.1512664794922,,,,
2021-05-14 09:50:00-04:00,246.875,246.88999938964844,246.55999755859375,246.72000122070312,246.72000122070312,74503,247.1862663269043,,247.13073003859748,248.2290553031394,246.03240477405555
2021-05-14 09:51:00-04:00,246.61000061035156,246.66000366210938,246.57000732421875,246.6300048828125,246.6300048828125,62219,247.2032669067383,,247.15977768670945,248.16680447163253,246.15275090178636
2021-05-14 09:52:00-04:00,247.0,247.07000732421875,247.0,247.07000732421875,247.07000732421875,63528,247.22126693725585,,247.1969212123326,248.1268526766526,246.2669897480126
2021-05-14 09:53:00-04:00,247.25,247.3699951171875,247.11000061035156,247.3699951171875,247.3699951171875,66248,247.23176651000978,,247.22834923153832,248.13444118526928,246.32225727780735
2021-05-14 09:54:00-04:00,247.36000061035156,247.3800048828125,247.10000610351562,247.2100067138672,247.2100067138672,78631,247.22876663208007,,247.23073032924108,248.13635009269285,246.32511056578932
2021-05-14 09:55:00-04:00,247.17999267578125,247.17999267578125,247.00999450683594,247.0800018310547,247.0800018310547,53835,247.20607681274413,,247.221682593936,248.12936346370387,246.31400172416815
2021-05-14 09:56:00-04:00,247.1446075439453,247.22999572753906,247.10910034179688,247.22000122070312,247.22000122070312,46834,247.18307723999024,,247.2067398797898,248.1035524292014,246.30992733037823
2021-05-14 09:57:00-04:00,247.33999633789062,247.3498992919922,247.13999938964844,247.24000549316406,247.24000549316406,63798,247.16607742309571,,247.185788109189,248.05739283590873,246.31418338246925
2021-05-14 09:58:00-04:00,247.4600067138672,247.58999633789062,247.2449951171875,247.52999877929688,247.52999877929688,70850,247.13007736206055,,247.18340701148622,248.05092050963523,246.31589351333722
2021-05-14 09:59:00-04:00,247.52000427246094,247.8000030517578,247.35000610351562,247.75,247.75,97381,247.100577545166,,247.1595974876767,247.9299492395215,246.3892457358319
2021-05-14 10:00:00-04:00,247.74000549316406,247.89999389648438,247.5399932861328,247.61000061035156,247.61000061035156,111046,247.1003273010254,,247.12483578636534,247.72475287641018,246.5249186963205
2021-05-14 10:01:00-04:00,247.63999938964844,247.9499969482422,247.52999877929688,247.75999450683594,247.75999450683594,100514,247.1353271484375,,247.1317400251116,247.75707837984282,246.5064016703804
2021-05-14 10:02:00-04:00,247.7550048828125,247.83999633789062,247.64999389648438,247.7949981689453,247.7949981689453,55328,247.1770767211914,,247.16674005417596,247.85202564029547,246.48145446805646
2021-05-14 10:03:00-04:00,247.77999877929688,247.80999755859375,247.34500122070312,247.36000061035156,247.36000061035156,50302,247.20357666015624,,247.18578738257997,247.86924754044003,246.50232722471992
2021-05-14 10:04:00-04:00,247.33999633789062,247.38999938964844,247.1699981689453,247.17999267578125,247.17999267578125,49997,247.22107620239257,,247.20245361328125,247.867051008387,246.5378562181755
2021-05-14 10:05:00-04:00,247.18499755859375,247.19000244140625,246.80999755859375,246.86000061035156,246.86000061035156,94137,247.21057586669923,,247.2038821265811,247.86536687057972,246.5423973825825
2021-05-14 10:06:00-04:00,246.8699951171875,246.875,246.4499969482422,246.49000549316406,246.49000549316406,96550,247.18957595825196,,247.17626299176897,247.9035389656367,246.44898701790123
2021-05-14 10:07:00-04:00,246.47000122070312,246.55999755859375,246.34140014648438,246.44000244140625,246.44000244140625,57313,247.16082611083985,,247.1538819812593,247.93963967723647,246.36812428528214
2021-05-14 10:08:00-04:00,246.39999389648438,246.52999877929688,246.39999389648438,246.4600067138672,246.4600067138672,41337,247.13232650756837,,247.12745375860305,247.9661267040942,246.2887808131119
2021-05-14 10:09:00-04:00,246.45150756835938,246.6699981689453,246.25999450683594,246.63999938964844,246.63999938964844,111159,247.12075119018556,,247.108882359096,247.97247792326365,246.24528679492832
2021-05-14 10:10:00-04:00,246.6300048828125,247.0198974609375,246.60000610351562,246.99000549316406,246.99000549316406,64598,247.1342514038086,,247.1145252046131,247.97333835033803,246.25571205888818
2021-05-14 10:11:00-04:00,247.02000427246094,247.3300018310547,246.92999267578125,247.2801055908203,247.2801055908203,65528,247.166756439209,,247.14119684128534,247.98384723930545,246.29854644326522
2021-05-14 10:12:00-04:00,247.25,247.28990173339844,247.06500244140625,247.22500610351562,247.22500610351562,36556,247.17450637817382,,247.1695302327474,247.98068797849442,246.3583724870004
2021-05-14 10:13:00-04:00,247.22500610351562,247.24000549316406,246.94000244140625,247.05999755859375,247.05999755859375,96850,247.15900650024415,,247.16905357724144,247.980458481181,246.3576486733019
2021-05-14 10:14:00-04:00,247.05999755859375,247.24549865722656,247.01010131835938,247.03970336914062,247.03970336914062,53353,247.1504913330078,,247.15332539876303,247.9613094056796,246.34534139184646
2021-05-14 10:15:00-04:00,247.05499267578125,247.11000061035156,246.84500122070312,247.02999877929688,247.02999877929688,60306,247.14799118041992,,247.1447535923549,247.95397921002208,246.33552797468772
2021-05-14 10:16:00-04:00,247.00999450683594,247.36000061035156,246.9600067138672,247.33999633789062,247.33999633789062,63267,247.15399093627929,,247.1571342831566,247.96999620144888,246.34427236486434
2021-05-14 10:17:00-04:00,247.33999633789062,247.4499969482422,247.33999633789062,247.38999938964844,247.38999938964844,45837,247.1614906311035,,247.16522943405877,247.98384825689334,246.3466106112242
2021-05-14 10:18:00-04:00,247.35000610351562,247.57000732421875,247.32000732421875,247.57000732421875,247.57000732421875,60462,247.16349105834962,,247.18094380696616,248.01732772668151,246.3445598872508
2021-05-14 10:19:00-04:00,247.5800018310547,247.72999572753906,247.47999572753906,247.6300048828125,247.6300048828125,51536,247.15749130249023,247.15990356445312,247.18570600237166,248.03115128863294,246.34026071611038
2021-05-14 10:20:00-04:00,247.66000366210938,247.6999053955078,247.4199981689453,247.4600067138672,247.4600067138672,63933,247.149991607666,247.18870361328126,247.1718967982701,247.98877941264132,246.35501418389887
2021-05-14 10:21:00-04:00,247.4600067138672,247.47999572753906,247.33619689941406,247.39500427246094,247.39500427246094,33960,247.13174209594726,247.21080383300782,247.16165887741815,247.96138927309843,246.36192848173786
2021-05-14 10:22:00-04:00,247.3820037841797,247.5,247.3699951171875,247.47000122070312,247.47000122070312,34446,247.11549224853516,247.22600372314454,247.14784967331659,247.91485411367393,246.38084523295925
2021-05-14 10:23:00-04:00,247.50999450683594,247.5500030517578,247.2899932861328,247.4199981689453,247.4199981689453,37259,247.11849212646484,247.23120361328125,247.12999253045945,247.85165214499224,246.40833291592665
2021-05-14 10:24:00-04:00,247.42999267578125,247.42999267578125,247.16000366210938,247.2100067138672,247.2100067138672,41284,247.11999282836913,247.23000366210937,247.1228499639602,247.83815047284008,246.4075494550803
2021-05-14 10:25:00-04:00,247.22999572753906,247.4199981689453,247.2100067138672,247.27999877929688,247.27999877929688,76605,247.1409927368164,247.22492767333983,247.1276121593657,247.84572057948944,246.40950373924196
2021-05-14 10:26:00-04:00,247.2760009765625,247.3699951171875,247.22999572753906,247.22999572753906,247.22999572753906,31064,247.17799224853516,247.215927734375,247.14523097446985,247.85423381359945,246.43622813534026
2021-05-14 10:27:00-04:00,247.22000122070312,247.25999450683594,247.14999389648438,247.1699981689453,247.1699981689453,37534,247.2144920349121,247.20772766113282,247.17761157807848,247.82267719832814,246.53254595782883
2021-05-14 10:28:00-04:00,247.1743927001953,247.35000610351562,247.14999389648438,247.3000030517578,247.3000030517578,47508,247.25649185180663,247.18872772216798,247.21856398809524,247.77328700956159,246.6638409666289
2021-05-14 10:29:00-04:00,247.2899932861328,247.2899932861328,246.89999389648438,246.9250030517578,246.9250030517578,68864,247.2707420349121,247.16042785644532,247.24070667085192,247.70088969002813,246.7805236516757
2021-05-14 10:30:00-04:00,246.91000366210938,247.07000732421875,246.85000610351562,246.8800048828125,246.8800048828125,65013,247.26524200439454,247.14572784423828,247.25213550385973,247.6606943559817,246.84357665173778
2021-05-14 10:31:00-04:00,246.91799926757812,246.97999572753906,246.77999877929688,246.8300018310547,246.8300018310547,49987,247.24273681640625,247.1411279296875,247.24451628185454,247.67777831632944,246.81125424737965
2021-05-14 10:32:00-04:00,246.82000732421875,246.94000244140625,246.77999877929688,246.91000366210938,246.91000366210938,49831,247.22698669433595,247.14012786865234,247.22689238048736,247.68264816425275,246.77113659672196
2021-05-14 10:33:00-04:00,246.91000366210938,247.0,246.89999389648438,246.98899841308594,246.98899841308594,37997,247.22343673706055,247.14330780029297,247.21565391903832,247.6826375077962,246.74867033028045
2021-05-14 10:34:00-04:00,246.97999572753906,247.07000732421875,246.97000122070312,247.07000732421875,247.07000732421875,49638,247.22495193481444,247.14810791015626,247.21613057454428,247.6824925024718,246.74976864661676
2021-05-14 10:35:00-04:00,247.07789611816406,247.1199951171875,246.97000122070312,247.02999877929688,247.02999877929688,49654,247.22495193481444,247.14730773925783,247.2156684512184,247.68275347266803,246.74858342976876
2021-05-14 10:36:00-04:00,247.0399932861328,247.05499267578125,246.9499969482422,246.99000549316406,246.99000549316406,50736,247.20745239257812,247.1489077758789,247.2137640090216,247.68420381167067,246.7433242063725
2021-05-14 10:37:00-04:00,246.98500061035156,247.02000427246094,246.82000732421875,246.86000061035156,246.86000061035156,51570,247.1809524536133,247.14580780029297,247.19090706961495,247.68099284506,246.7008212941699
2021-05-14 10:38:00-04:00,246.86000061035156,247.0,246.86000061035156,246.92999267578125,246.92999267578125,31837,247.1489517211914,247.14380767822266,247.16900198800224,247.66267298822993,246.67533098777454
2021-05-14 10:39:00-04:00,246.94000244140625,247.0800018310547,246.8300018310547,246.8892059326172,246.8892059326172,68302,247.11191177368164,247.1441616821289,247.13658287411644,247.60946904186562,246.66369670636726
2021-05-14 10:40:00-04:00,246.88999938964844,246.9499969482422,246.75999450683594,246.77999877929688,246.77999877929688,32795,247.07791137695312,247.14536163330078,247.09610639299666,247.53732216008726,246.65489062590606
2021-05-14 10:41:00-04:00,246.77000427246094,246.77000427246094,246.5399932861328,246.5399932861328,246.5399932861328,71606,247.03516082763673,247.14356140136718,247.0522962297712,247.5222925038075,246.5822999557349
2021-05-14 10:42:00-04:00,246.52999877929688,246.58999633789062,246.39439392089844,246.39999389648438,246.39999389648438,49059,246.98166046142578,247.1301611328125,247.00491478329613,247.52550198452784,246.48432758206442
2021-05-14 10:43:00-04:00,246.40499877929688,246.59800720214844,246.38499450683594,246.47000122070312,246.47000122070312,95199,246.93416061401368,247.1121612548828,246.9572957356771,247.48196397525837,246.43262749609582
2021-05-14 10:44:00-04:00,246.45899963378906,246.5,246.41000366210938,246.5,246.5,32825,246.8986602783203,247.09796112060548,246.91348629906065,247.4297997878261,246.3971728102952
2021-05-14 10:45:00-04:00,246.50999450683594,246.77999877929688,246.50999450683594,246.66000366210938,246.66000366210938,55203,246.86766052246094,247.08956115722657,246.88729567754837,247.39647738684081,246.37811396825592
2021-05-14 10:46:00-04:00,246.66000366210938,246.74000549316406,246.5399932861328,246.69000244140625,246.69000244140625,31015,246.8406608581543,247.07896118164064,246.85920061383928,247.34287093799594,246.37553028968262
2021-05-14 10:47:00-04:00,246.6699981689453,246.85989379882812,246.6699981689453,246.8000030517578,246.8000030517578,36946,246.82216110229493,247.0701611328125,246.8387247721354,247.2931585373479,246.38429100692292
2021-05-14 10:48:00-04:00,246.82000732421875,247.07000732421875,246.82000732421875,247.07000732421875,247.07000732421875,36846,246.81066131591797,247.06096130371094,246.83396330333892,247.27624603153365,246.3916805751442
2021-05-14 10:49:00-04:00,247.0800018310547,247.2899932861328,247.0800018310547,247.27000427246094,247.27000427246094,44465,246.82791137695312,247.05136138916015,246.83253479003906,247.26889226037247,246.39617731970566
2021-05-14 10:50:00-04:00,247.27999877929688,247.3000030517578,247.07989501953125,247.16000366210938,247.16000366210938,65296,246.84191131591797,247.0423614501953,246.8437252952939,247.30073538506414,246.38671520552364
2021-05-14 10:51:00-04:00,247.14999389648438,247.2740020751953,247.1300048828125,247.2397003173828,247.2397003173828,38823,246.86239624023438,247.03195556640625,246.86085364932106,247.34823380823462,246.3734734904075
2021-05-14 10:52:00-04:00,247.25999450683594,247.3699951171875,247.2100067138672,247.2899932861328,247.2899932861328,39197,246.88139572143555,247.02185546875,246.88275800432478,247.40313751963325,246.36237848901632
2021-05-14 10:53:00-04:00,247.27000427246094,247.33999633789062,247.21629333496094,247.2899932861328,247.2899932861328,42589,246.89644546508788,247.02045532226563,246.9008527483259,247.449657089652,246.35204840699978
2021-05-14 10:54:00-04:00,247.3000030517578,247.35989379882812,247.23500061035156,247.30999755859375,247.30999755859375,56191,246.90844497680663,247.0230554199219,246.91613842192152,247.49138221697862,246.3408946268644
2021-05-14 10:55:00-04:00,247.30999755859375,247.39999389648438,247.3000946044922,247.39999389648438,247.39999389648438,40309,246.92694473266602,247.03385528564453,246.93185206821985,247.54040020964646,246.32330392679324
2021-05-14 10:56:00-04:00,247.41000366210938,247.4199981689453,247.23280334472656,247.3000030517578,247.3000030517578,49780,246.94244461059571,247.0500552368164,246.94470941452752,247.5722820035715,246.31713682548354
2021-05-14 10:57:00-04:00,247.3000030517578,247.39999389648438,247.27000427246094,247.36480712890625,247.36480712890625,48715,246.96768493652343,247.0685513305664,246.96255711146765,247.61529522702764,246.30981899590765
2021-05-14 10:58:00-04:00,247.3699951171875,247.4698944091797,247.32000732421875,247.4199981689453,247.4199981689453,33588,246.99218521118163,247.08775115966796,246.98922366187685,247.66846706284238,246.30998026091132
2021-05-14 10:59:00-04:00,247.41000366210938,247.4499969482422,247.3000030517578,247.37010192871094,247.37010192871094,63709,247.01623001098633,247.10235321044922,247.0101812453497,247.70788516372906,246.31247732697037
2021-05-14 11:00:00-04:00,247.39329528808594,247.47000122070312,247.3000030517578,247.34010314941406,247.34010314941406,43686,247.0442352294922,247.1093551635742,247.03165254138764,247.7408969853922,246.3224080973831
2021-05-14 11:01:00-04:00,247.35000610351562,247.41000366210938,247.2100067138672,247.22000122070312,247.22000122070312,36320,247.0782356262207,247.10815307617187,247.05260503859748,247.75681139728448,246.34839867991047
2021-05-14 11:02:00-04:00,247.210205078125,247.35000610351562,247.19000244140625,247.35000610351562,247.35000610351562,40714,247.12573623657227,247.11065307617187,247.09117707752046,247.76676662456092,246.41558753048
2021-05-14 11:03:00-04:00,247.3699951171875,247.41000366210938,247.27000427246094,247.38999938964844,247.38999938964844,28002,247.17173614501954,247.11725311279298,247.13832019624255,247.74893058401307,246.52770980847203
2021-05-14 11:04:00-04:00,247.3699951171875,247.47000122070312,247.36000061035156,247.44000244140625,247.44000244140625,50694,247.21873626708984,247.1252590942383,247.18451073056175,247.72850334419184,246.64051811693167
2021-05-14 11:05:00-04:00,247.4499969482422,247.47999572753906,247.33999633789062,247.33999633789062,247.33999633789062,24485,247.25273590087892,247.13145904541017,247.2245105561756,247.67630451554194,246.77271659680926
2021-05-14 11:06:00-04:00,247.35000610351562,247.52999877929688,247.35000610351562,247.52000427246094,247.52000427246094,43009,247.29423599243165,247.13505920410157,247.26546296619233,247.6565063165911,246.87441961579356
2021-05-14 11:07:00-04:00,247.52000427246094,247.55999755859375,247.38999938964844,247.4499969482422,247.4499969482422,37225,247.32673568725585,247.13625915527345,247.30165318080358,247.60259255446965,247.00071380713752
2021-05-14 11:08:00-04:00,247.4499969482422,247.4600067138672,247.3699951171875,247.4550018310547,247.4550018310547,27774,247.34598541259766,247.13395904541017,247.33284359886534,247.53977307786477,247.1259141198659
2021-05-14 11:09:00-04:00,247.4600067138672,247.47999572753906,247.33999633789062,247.40499877929688,247.40499877929688,23843,247.35273513793945,247.12945892333985,247.34879557291666,247.52062098346613,247.17697016236718
2021-05-14 11:10:00-04:00,247.4199981689453,247.7100067138672,247.4199981689453,247.6300048828125,247.6300048828125,66122,247.3762351989746,247.13285888671874,247.3659384591239,247.57169449396343,247.16018242428436
2021-05-14 11:11:00-04:00,247.6300048828125,247.6300048828125,247.52499389648438,247.5500030517578,247.5500030517578,52341,247.39175033569336,247.13595886230468,247.38450985863096,247.58276732138324,247.18625239587868
2021-05-14 11:12:00-04:00,247.5500030517578,247.72000122070312,247.5500030517578,247.67999267578125,247.67999267578125,32237,247.41125030517577,247.14015869140624,247.40547616141183,247.62969818567038,247.18125413715327
2021-05-14 11:13:00-04:00,247.6999969482422,247.75,247.64999389648438,247.7039031982422,247.7039031982422,30873,247.43194580078125,247.1458367919922,247.42518615722656,247.67668815568157,247.17368415877155
2021-05-14 11:14:00-04:00,247.7100067138672,247.77000427246094,247.58999633789062,247.58999633789062,247.58999633789062,40902,247.4459457397461,247.15343658447264,247.4394720168341,247.69272430939338,247.1862197242748
2021-05-14 11:15:00-04:00,247.61000061035156,247.75,247.58999633789062,247.72999572753906,247.72999572753906,38591,247.46244583129882,247.1624365234375,247.45947192964098,247.73427300694243,247.18467085233954
2021-05-14 11:16:00-04:00,247.72000122070312,247.72000122070312,247.6300048828125,247.63890075683594,247.63890075683594,49483,247.47939071655273,247.17061462402344,247.4708484468006,247.75457018023175,247.18712671336945
2021-05-14 11:17:00-04:00,247.6300048828125,247.67999267578125,247.60000610351562,247.6699981689453,247.6699981689453,29913,247.4946502685547,247.18061462402343,247.48846726190476,247.77352414581185,247.20341037799767
2021-05-14 11:18:00-04:00,247.67010498046875,247.6999969482422,247.55499267578125,247.61349487304688,247.61349487304688,38531,247.50432510375975,247.18688446044922,247.50030953543526,247.78448741572404,247.21613165514648
2021-05-14 11:19:00-04:00,247.61849975585938,247.63999938964844,247.50390625,247.52000427246094,247.52000427246094,27008,247.51182022094727,247.19878448486327,247.50507173084077,247.7870312927102,247.22311216897134
2021-05-14 11:20:00-04:00,247.52000427246094,247.6898956298828,247.49000549316406,247.67999267578125,247.67999267578125,33053,247.52881469726563,247.21478424072265,247.5198284330822,247.80443493993235,247.23522192623207
2021-05-14 11:21:00-04:00,247.69000244140625,247.6999969482422,247.6199951171875,247.6199951171875,247.6199951171875,28173,247.54881439208984,247.23058410644532,247.5331566220238,247.80885050444658,247.257462739601
2021-05-14 11:22:00-04:00,247.61000061035156,247.64999389648438,247.57000732421875,247.6199951171875,247.6199951171875,30069,247.56231384277345,247.24478393554688,247.55220395042784,247.79127628172444,247.31313161913124
2021-05-14 11:23:00-04:00,247.6300048828125,247.75999450683594,247.6199951171875,247.75999450683594,247.75999450683594,29167,247.5808135986328,247.26020385742189,247.5717272077288,247.80849405713255,247.33496035832505
2021-05-14 11:24:00-04:00,247.75999450683594,247.83489990234375,247.72999572753906,247.75999450683594,247.75999450683594,68776,247.5968132019043,247.2740036010742,247.58934602283296,247.82444418855667,247.35424785710924
2021-05-14 11:25:00-04:00,247.77000427246094,247.8699951171875,247.75360107421875,247.7899932861328,247.7899932861328,28498,247.61931304931642,247.28920349121094,247.60601225353423,247.84601161433034,247.36601289273813
2021-05-14 11:26:00-04:00,247.8000030517578,247.92999267578125,247.8000030517578,247.92999267578125,247.92999267578125,43708,247.63981246948242,247.3080032348633,247.6341073172433,247.88105810687682,247.38715652760976
2021-05-14 11:27:00-04:00,247.9250030517578,247.92999267578125,247.72999572753906,247.72999572753906,247.72999572753906,45246,247.65381240844727,247.32540313720702,247.64410691034226,247.88874269503782,247.3994711256467
2021-05-14 11:28:00-04:00,247.72500610351562,247.7554931640625,247.6199951171875,247.7554931640625,247.7554931640625,36258,247.66883697509766,247.34191314697264,247.65865434919084,247.89133186021837,247.4259768381633
2021-05-14 11:29:00-04:00,247.77000427246094,247.89999389648438,247.77000427246094,247.7899932861328,247.7899932861328,26070,247.68808670043944,247.35992889404298,247.6746063232422,247.89474119775943,247.45447144872495
2021-05-14 11:30:00-04:00,247.8000030517578,247.875,247.67999267578125,247.69000244140625,247.69000244140625,23435,247.69108657836915,247.37812896728516,247.68817792619978,247.87202563989155,247.50433021250802
2021-05-14 11:31:00-04:00,247.6999969482422,247.77000427246094,247.67999267578125,247.69000244140625,247.69000244140625,20883,247.69808654785157,247.40112915039063,247.69103495279947,247.87301758223458,247.50905232336436
2021-05-14 11:32:00-04:00,247.7100067138672,247.75840759277344,247.63490295410156,247.6699981689453,247.6699981689453,41356,247.69758682250978,247.42652923583984,247.6967490059989,247.86777681010682,247.52572120189097
2021-05-14 11:33:00-04:00,247.64999389648438,247.66000366210938,247.57000732421875,247.66000366210938,247.66000366210938,39257,247.6953918457031,247.45032928466796,247.69579714820497,247.86741379733573,247.52418049907422
2021-05-14 11:34:00-04:00,247.6645965576172,247.77000427246094,247.65899658203125,247.77000427246094,247.77000427246094,30052,247.70439224243165,247.4757293701172,247.6989448184059,247.8734653457552,247.5244242910566
2021-05-14 11:35:00-04:00,247.75999450683594,247.92999267578125,247.75999450683594,247.85000610351562,247.85000610351562,49982,247.71039276123048,247.49952941894531,247.71132623581659,247.89005026748814,247.53260220414504
2021-05-14 11:36:00-04:00,247.86000061035156,247.92999267578125,247.80999755859375,247.91000366210938,247.91000366210938,48414,247.72394790649415,247.52392944335938,247.7198980422247,247.91778910292237,247.52200698152706
2021-05-14 11:37:00-04:00,247.89999389648438,247.89999389648438,247.77999877929688,247.86000061035156,247.86000061035156,23853,247.73344802856445,247.54512939453124,247.73042660667784,247.93346322836345,247.52738998499223
2021-05-14 11:38:00-04:00,247.89999389648438,247.97999572753906,247.8800048828125,247.97000122070312,247.97000122070312,32943,247.75127334594725,247.56312927246094,247.74471246628534,247.96993208637267,247.519492846198
2021-05-14 11:39:00-04:00,247.97999572753906,248.14999389648438,247.97999572753906,248.13999938964844,248.13999938964844,62659,247.78227310180665,247.5805291748047,247.76978410993303,248.04345169903993,247.49611652082612
2021-05-14 11:40:00-04:00,248.13999938964844,248.18699645996094,248.110107421875,248.16700744628906,248.16700744628906,33556,247.80662384033204,247.6006692504883,247.80059378487724,248.0995733452869,247.50161422446757
2021-05-14 11:41:00-04:00,248.16000366210938,248.19000244140625,248.00999450683594,248.07000732421875,248.07000732421875,46994,247.8291244506836,247.617275390625,247.8191659109933,248.1340398563539,247.5042919656327
2021-05-14 11:42:00-04:00,248.05999755859375,248.14999389648438,248.0500030517578,248.11669921875,248.11669921875,39544,247.8539596557617,247.63380950927734,247.84281848725817,248.1688145712852,247.51682240323115
2021-05-14 11:43:00-04:00,248.1114044189453,248.17999267578125,248.08999633789062,248.11000061035156,248.11000061035156,45163,247.8714599609375,247.65020965576173,247.86615208217077,248.19516931583243,247.5371348485091
2021-05-14 11:44:00-04:00,248.11599731445312,248.1199951171875,248.00999450683594,248.1199951171875,248.1199951171875,41916,247.88945999145508,247.6664096069336,247.88329496837798,248.2257555028274,247.54083443392855
2021-05-14 11:45:00-04:00,248.1300048828125,248.19000244140625,248.0749969482422,248.13999938964844,248.13999938964844,32251,247.90696029663087,247.68120971679687,247.9013904389881,248.2559263871602,247.546854490816
2021-05-14 11:46:00-04:00,248.14999389648438,248.19000244140625,248.110107421875,248.125,248.125,28663,247.9167106628418,247.6977096557617,247.91734313964844,248.28050958472437,247.5541766945725
2021-05-14 11:47:00-04:00,248.125,248.13999938964844,248.02000427246094,248.03500366210938,248.03500366210938,48072,247.9319610595703,247.71111358642577,247.92234366280692,248.28897348169582,247.55571384391803
2021-05-14 11:48:00-04:00,248.02999877929688,248.07000732421875,247.97000122070312,248.05999755859375,248.05999755859375,52935,247.9471862792969,247.72391357421876,247.93805803571428,248.29855001002747,247.5775660614011
2021-05-14 11:49:00-04:00,248.05999755859375,248.10000610351562,248.00010681152344,248.02999877929688,248.02999877929688,27975,247.95918655395508,247.73711151123047,247.95112973167784,248.30395672870395,247.59830273465172
2021-05-14 11:50:00-04:00,248.02999877929688,248.07000732421875,247.97000122070312,247.99000549316406,247.99000549316406,37072,247.97418670654298,247.75010955810546,247.96065412248885,248.3062317916087,247.615076453369
2021-05-14 11:51:00-04:00,247.9499969482422,247.96969604492188,247.82000732421875,247.85000610351562,247.85000610351562,62394,247.98218688964843,247.7627096557617,247.96827334449404,248.29610117182696,247.6404455171611
2021-05-14 11:52:00-04:00,247.86000061035156,247.86000061035156,247.72000122070312,247.72000122070312,247.72000122070312,46631,247.98468704223632,247.77010955810547,247.9697018577939,248.29285634865795,247.64654736692984
2021-05-14 11:53:00-04:00,247.72999572753906,247.8300018310547,247.72999572753906,247.8300018310547,247.8300018310547,21188,247.9931869506836,247.77890960693358,247.9773210797991,248.27846928913328,247.67617287046494
2021-05-14 11:54:00-04:00,247.83700561523438,247.8699951171875,247.80999755859375,247.83970642089844,247.83970642089844,22508,247.99667205810547,247.78690368652343,247.98587835402716,248.25917643356266,247.71258027449167
2021-05-14 11:55:00-04:00,247.83999633789062,247.89999389648438,247.80999755859375,247.83999633789062,247.83999633789062,28928,247.9961715698242,247.79690368652345,247.9892113095238,248.2533770819588,247.7250455370888
2021-05-14 11:56:00-04:00,247.83999633789062,247.86000061035156,247.72000122070312,247.72000122070312,247.72000122070312,37957,247.9866714477539,247.80090362548827,247.98302060081846,248.26555845912102,247.7004827425159
2021-05-14 11:57:00-04:00,247.72000122070312,247.72000122070312,247.6699981689453,247.6999053955078,247.6999053955078,15929,247.97866668701172,247.8059017944336,247.97301592145647,248.27927700103302,247.6667548418799
2021-05-14 11:58:00-04:00,247.69000244140625,247.6999969482422,247.60000610351562,247.67999267578125,247.67999267578125,29518,247.96416625976562,247.81040161132813,247.96444411504837,248.29237494471448,247.63651328538225
2021-05-14 11:59:00-04:00,247.69000244140625,247.69000244140625,247.58999633789062,247.6199951171875,247.6199951171875,36634,247.93816604614258,247.81470153808593,247.9477771577381,248.30722332162551,247.5883309938507
2021-05-14 12:00:00-04:00,247.61000061035156,247.6300048828125,247.49000549316406,247.52000427246094,247.52000427246094,38840,247.90581588745118,247.8125015258789,247.91825358072916,248.3103467247844,247.5261604366739
2021-05-14 12:01:00-04:00,247.52999877929688,247.6699981689453,247.47999572753906,247.64999389648438,247.64999389648438,30219,247.88481521606445,247.81450134277344,247.89363388788132,248.2850788842611,247.50218889150153
2021-05-14 12:02:00-04:00,247.64999389648438,247.77999877929688,247.64999389648438,247.77000427246094,247.77000427246094,37099,247.86748046875,247.81630157470704,247.8793480282738,248.26582781764017,247.49286823890742
2021-05-14 12:03:00-04:00,247.7949981689453,247.8300018310547,247.67999267578125,247.74000549316406,247.74000549316406,42289,247.84898071289064,247.81702362060548,247.86141023181733,248.23687964962753,247.48594081400714
2021-05-14 12:04:00-04:00,247.72999572753906,247.72999572753906,247.67990112304688,247.67999267578125,247.67999267578125,39312,247.8269805908203,247.81882354736328,247.84093366350447,248.20663545633892,247.47523187067003
2021-05-14 12:05:00-04:00,247.67999267578125,247.75869750976562,247.6699981689453,247.69529724121094,247.69529724121094,31195,247.80474548339845,247.8181295776367,247.82070995512464,248.16885325407057,247.4725666561787
2021-05-14 12:06:00-04:00,247.7100067138672,247.75,247.69000244140625,247.6999969482422,247.6999969482422,30290,247.78349533081055,247.81935150146484,247.7997574579148,248.12014803621625,247.47936687961337
2021-05-14 12:07:00-04:00,247.6999969482422,247.7198944091797,247.6300048828125,247.6699981689453,247.6699981689453,22070,247.76524505615234,247.81935150146484,247.77809070405505,248.06735168901687,247.48882971909322
2021-05-14 12:08:00-04:00,247.6699981689453,247.68170166015625,247.6300048828125,247.63999938964844,247.63999938964844,17243,247.74424514770507,247.81988159179687,247.75928097679503,248.02989045954158,247.48867149404848
2021-05-14 12:09:00-04:00,247.63999938964844,247.7949981689453,247.6300048828125,247.789794921875,247.789794921875,19838,247.73223495483398,247.82527740478517,247.7464141845703,247.98172389859312,247.5111044705475
2021-05-14 12:10:00-04:00,247.78500366210938,247.83999633789062,247.77000427246094,247.80999755859375,247.80999755859375,28034,247.72323455810547,247.8278775024414,247.7359379359654,247.93658038256234,247.53529548936848
2021-05-14 12:11:00-04:00,247.82400512695312,247.82400512695312,247.77000427246094,247.80630493164062,247.80630493164062,30297,247.7210494995117,247.83160369873048,247.72719029017858,247.8960126511827,247.55836792917447
2021-05-14 12:12:00-04:00,247.8000030517578,247.83999633789062,247.77999877929688,247.80999755859375,247.80999755859375,18488,247.72554931640624,247.8354037475586,247.72528512137276,247.88931611814598,247.56125412459954
2021-05-14 12:13:00-04:00,247.8007049560547,247.8699951171875,247.77999877929688,247.85499572753906,247.85499572753906,22797,247.72679901123047,247.83730377197264,247.7317134312221,247.90481986148097,247.5586070009632
2021-05-14 12:14:00-04:00,247.86000061035156,247.97000122070312,247.86000061035156,247.92999267578125,247.92999267578125,35404,247.7313133239746,247.84070373535155,247.7364749000186,247.9250758970031,247.54787390303412
2021-05-14 12:15:00-04:00,247.92039489746094,247.9499969482422,247.8800048828125,247.9199981689453,247.9199981689453,22202,247.73531341552734,247.8433038330078,247.74029831659226,247.94013281786386,247.54046381532066
2021-05-14 12:16:00-04:00,247.9199981689453,247.94000244140625,247.86000061035156,247.8699951171875,247.8699951171875,21684,247.74281311035156,247.84210388183592,247.74172682989212,247.9448214076219,247.53863225216233
2021-05-14 12:17:00-04:00,247.8800048828125,247.9600067138672,247.8800048828125,247.93319702148438,247.93319702148438,12403,247.75447769165038,247.84616790771486,247.7518790108817,247.9704718286564,247.53328619310702
2021-05-14 12:18:00-04:00,247.9499969482422,248.0500030517578,247.94839477539062,248.02999877929688,248.02999877929688,24713,247.77197799682617,247.85165802001953,247.76759774344308,248.01483210816227,247.52036337872389
2021-05-14 12:19:00-04:00,248.0399932861328,248.07000732421875,248.00010681152344,248.07000732421875,248.07000732421875,23092,247.79447860717772,247.85725830078124,247.78616986955916,248.0615339682004,247.51080577091793
2021-05-14 12:20:00-04:00,248.0800018310547,248.1300048828125,248.02000427246094,248.02000427246094,248.02000427246094,30204,247.81947860717773,247.86385833740235,247.80521792457216,248.0872824533824,247.52315339576194
2021-05-14 12:21:00-04:00,248.02999877929688,248.0500030517578,247.97000122070312,248.00999450683594,248.00999450683594,19150,247.8374786376953,247.87025817871094,247.82855079287575,248.09273604889847,247.56436553685302
2021-05-14 12:22:00-04:00,248.0,248.00999450683594,247.9185028076172,247.9499969482422,247.9499969482422,23024,247.8464782714844,247.87585815429688,247.84283665248327,248.09911706518304,247.5865562397835
2021-05-14 12:23:00-04:00,247.94000244140625,247.94000244140625,247.82000732421875,247.85000610351562,247.85000610351562,38790,247.85197830200195,247.879658203125,247.84664626348587,248.10083533221405,247.59245719475769
2021-05-14 12:24:00-04:00,247.83689880371094,247.97999572753906,247.83689880371094,247.89999389648438,247.89999389648438,18549,247.86297836303712,247.88225799560547,247.85426475888207,248.10474476470074,247.6037847530634
2021-05-14 12:25:00-04:00,247.9199981689453,247.97000122070312,247.8289031982422,247.94000244140625,247.94000244140625,20982,247.87521362304688,247.88405792236327,247.8666461762928,248.1068548924876,247.62643746009797
2021-05-14 12:26:00-04:00,247.9600067138672,248.02000427246094,247.94000244140625,248.02000427246094,248.02000427246094,30250,247.8912139892578,247.88625793457032,247.8821084158761,248.1179341311351,247.64628270061712
2021-05-14 12:27:00-04:00,248.01669311523438,248.02000427246094,247.97000122070312,248.0,248.0,18803,247.90771408081054,247.8890579223633,247.89639427548363,248.1224250411271,247.67036350984017
2021-05-14 12:28:00-04:00,248.0,248.0500030517578,247.99000549316406,247.99270629882812,247.99270629882812,15393,247.92534942626952,247.8895120239258,247.91176132928757,248.11688081931595,247.7066418392592
2021-05-14 12:29:00-04:00,248.0,248.0050048828125,247.9499969482422,247.96490478515625,247.96490478515625,9818,247.9341049194336,247.88601013183595,247.92723301478796,248.092958529066,247.7615075005099
2021-05-14 12:30:00-04:00,247.97000122070312,248.0449981689453,247.97000122070312,248.00999450683594,248.00999450683594,24888,247.9441047668457,247.88286987304687,247.9377187093099,248.09490918545023,247.78052823316958
2021-05-14 12:31:00-04:00,248.02000427246094,248.02999877929688,247.9600067138672,248.00999450683594,248.00999450683594,17961,247.95428924560548,247.8816696166992,247.9472423735119,248.0962827509293,247.7982019960945
2021-05-14 12:32:00-04:00,248.00999450683594,248.0601043701172,247.99000549316406,248.0500030517578,248.0500030517578,22055,247.96628952026367,247.88033569335937,247.95884704589844,248.09985338701023,247.81784070478665
2021-05-14 12:33:00-04:00,248.07000732421875,248.08999633789062,248.02000427246094,248.0399932861328,248.0399932861328,26298,247.97553939819335,247.878935546875,247.9697992234003,248.09789286872945,247.84170557807113
2021-05-14 12:34:00-04:00,248.0500030517578,248.05999755859375,247.99319458007812,248.02000427246094,248.02000427246094,24780,247.98003997802735,247.87693572998046,247.9776567731585,248.09644861067656,247.8588649356404
2021-05-14 12:35:00-04:00,248.0500030517578,248.0500030517578,247.97000122070312,248.0,248.0,19089,247.9840400695801,247.8741357421875,247.98099045526413,248.0981492479161,247.86383166261217
2021-05-14 12:36:00-04:00,248.01010131835938,248.0500030517578,248.0,248.0399932861328,248.0399932861328,21789,247.99253997802734,247.87243560791015,247.98670450846353,248.1031030785911,247.87030593833597
2021-05-14 12:37:00-04:00,248.0399932861328,248.0657958984375,247.9010009765625,247.92979431152344,247.92979431152344,26896,247.99236984252929,247.87033142089842,247.9895520891462,248.09689120024282,247.88221297804958
2021-05-14 12:38:00-04:00,247.92999267578125,247.97000122070312,247.88999938964844,247.94000244140625,247.94000244140625,19167,247.98787002563478,247.86793151855468,247.98987615676154,248.09656647540882,247.88318583811426
2021-05-14 12:39:00-04:00,247.94000244140625,248.01629638671875,247.9199981689453,247.97999572753906,247.97999572753906,18255,247.98336944580078,247.86693145751954,247.98749505905877,248.09270670709728,247.88228341102027
2021-05-14 12:40:00-04:00,248.0,248.0198974609375,247.9698944091797,247.9698944091797,247.9698944091797,15326,247.98086395263672,247.86652923583983,247.98272777739027,248.081366448226,247.88408910655454
2021-05-14 12:41:00-04:00,248.0,248.0399932861328,247.9600067138672,248.03500366210938,248.03500366210938,23470,247.98211441040038,247.87022918701172,247.98344203404017,248.08336969472316,247.88351437335717
2021-05-14 12:42:00-04:00,248.0399932861328,248.07000732421875,247.97000122070312,248.0050048828125,248.0050048828125,25712,247.9848648071289,247.8759292602539,247.9832044328962,248.08289994729293,247.88350891849947
2021-05-14 12:43:00-04:00,248.00999450683594,248.0800018310547,248.0050048828125,248.06500244140625,248.06500244140625,17877,247.99561462402343,247.88062927246094,247.98868088495163,248.09304369651045,247.88431807339282
2021-05-14 12:44:00-04:00,248.07000732421875,248.0749969482422,248.0050048828125,248.00999450683594,248.00999450683594,34968,248.00111465454103,247.88403503417967,247.99629938034784,248.08026901824053,247.91232974245514
2021-05-14 12:45:00-04:00,248.0,248.0800018310547,247.97999572753906,248.07000732421875,248.07000732421875,32195,248.00761489868165,247.88863525390624,248.00439525785902,248.0821678130799,247.92662270263813
2021-05-14 12:46:00-04:00,248.07000732421875,248.1699981689453,248.05999755859375,248.14999389648438,248.14999389648438,71980,248.0141143798828,247.89723510742186,248.01439485095796,248.10884422837825,247.91994547353767
2021-05-14 12:47:00-04:00,248.16000366210938,248.17579650878906,248.05999755859375,248.0800018310547,248.0800018310547,22238,248.01811447143555,247.90483703613282,248.01725187755767,248.11578350173625,247.9187202533791
2021-05-14 12:48:00-04:00,248.0800018310547,248.16000366210938,248.02000427246094,248.16000366210938,248.16000366210938,24102,248.0264793395996,247.91443725585938,248.02487109956286,248.14033264033847,247.90940955878725
2021-05-14 12:49:00-04:00,248.1699981689453,248.21710205078125,248.14999389648438,248.19000244140625,248.19000244140625,37348,248.0377342224121,247.92583740234375,248.03426615397134,248.1684835594109,247.9000487485318
2021-05-14 12:50:00-04:00,248.1999969482422,248.25,248.1999969482422,248.22999572753906,248.22999572753906,24812,248.04873428344726,247.9400372314453,248.04688953218005,248.20118161560183,247.89259744875827
2021-05-14 12:51:00-04:00,248.22999572753906,248.25,248.1699981689453,248.19000244140625,248.19000244140625,36025,248.05773468017577,247.95083740234375,248.05546133858817,248.22033174335303,247.89059093382332
2021-05-14 12:52:00-04:00,248.19000244140625,248.19000244140625,248.0800018310547,248.16419982910156,248.16419982910156,28245,248.06344451904297,247.95872131347656,248.06280444917223,248.2326244728633,247.89298442548116
2021-05-14 12:53:00-04:00,248.19000244140625,248.19000244140625,248.11000061035156,248.12989807128906,248.12989807128906,17849,248.06793975830078,247.96651916503907,248.06660897391183,248.23869510517295,247.8945228426507
2021-05-14 12:54:00-04:00,248.1300048828125,248.16490173339844,248.08999633789062,248.16490173339844,248.16490173339844,14273,248.07518463134767,247.97621734619142,248.0725569952102,248.24916570167127,247.8959482887491
2021-05-14 12:55:00-04:00,248.1699981689453,248.22000122070312,248.1699981689453,248.19000244140625,248.19000244140625,16094,248.08468475341797,247.98611145019532,248.08065214611236,248.26243569992425,247.89886859230046
2021-05-14 12:56:00-04:00,248.2100067138672,248.29989624023438,248.2100067138672,248.27999877929688,248.27999877929688,15455,248.09668502807617,247.9977114868164,248.09398542131697,248.29073860318016,247.89723223945379
2021-05-14 12:57:00-04:00,248.2899932861328,248.3699951171875,248.2899932861328,248.30999755859375,248.30999755859375,34927,248.11569519042968,248.0105114746094,248.10684276762464,248.32236017057278,247.8913253646765
2021-05-14 12:58:00-04:00,248.3249969482422,248.35000610351562,248.27999877929688,248.2899932861328,248.2899932861328,20041,248.13319473266603,248.02351135253906,248.1239950997489,248.33773142270812,247.91025877678968
2021-05-14 12:59:00-04:00,248.2899932861328,248.30999755859375,248.26150512695312,248.2899932861328,248.2899932861328,88373,248.1486946105957,248.03351531982423,248.14066133045014,248.34887541975746,247.93244724114282
2021-05-14 13:00:00-04:00,248.2899932861328,248.32000732421875,248.24000549316406,248.3000030517578,248.3000030517578,17666,248.16520004272462,248.0433154296875,248.15589977446058,248.36165465387862,247.95014489504254
2021-05-14 13:01:00-04:00,248.3300018310547,248.41000366210938,248.3300018310547,248.39999389648438,248.39999389648438,38410,248.18344955444337,248.0551892089844,248.17638070242745,248.38955196016397,247.96320944469093
2021-05-14 13:02:00-04:00,248.39830017089844,248.41000366210938,248.27999877929688,248.2949981689453,248.2949981689453,38632,248.19794921875,248.0648892211914,248.18876139322916,248.39777596036734,247.97974682609097
2021-05-14 13:03:00-04:00,248.2729034423828,248.33999633789062,248.25,248.3000030517578,248.3000030517578,15822,248.20969924926757,248.07378936767577,248.2028089250837,248.39974085096998,248.00587699919743
2021-05-14 13:04:00-04:00,248.3000030517578,248.33999633789062,248.3000030517578,248.32000732421875,248.32000732421875,13838,248.2251998901367,248.08158966064454,248.21495201474144,248.40776795574075,248.02213607374213
2021-05-14 13:05:00-04:00,248.33999633789062,248.35499572753906,248.2899932861328,248.32000732421875,248.32000732421875,19155,248.23769989013672,248.08958984375,248.2297145298549,248.40392709360466,248.05550196610514
2021-05-14 13:06:00-04:00,248.3300018310547,248.38999938964844,248.3300018310547,248.36500549316406,248.36500549316406,87368,248.2484504699707,248.09949005126953,248.24376206170945,248.4116028642027,248.0759212592162
2021-05-14 13:07:00-04:00,248.360107421875,248.39500427246094,248.30499267578125,248.36000061035156,248.36000061035156,22196,248.26245040893554,248.10802612304687,248.2537623814174,248.4230950525969,248.0844297102379
2021-05-14 13:08:00-04:00,248.3583984375,248.3699951171875,248.31500244140625,248.3300018310547,248.3300018310547,18711,248.2709503173828,248.11402618408204,248.26566714332216,248.41869956996848,248.11263471667584
2021-05-14 13:09:00-04:00,248.32000732421875,248.42999267578125,248.30999755859375,248.4268035888672,248.4268035888672,23261,248.28279037475585,248.121162109375,248.2783719017392,248.43840521969855,248.11833858377986
2021-05-14 13:10:00-04:00,248.4199981689453,248.4499969482422,248.37989807128906,248.40499877929688,248.40499877929688,26763,248.29154052734376,248.1288619995117,248.28860982259116,248.4522184100591,248.12500123512322
2021-05-14 13:11:00-04:00,248.4199981689453,248.4499969482422,248.39999389648438,248.39999389648438,248.39999389648438,18996,248.30204010009766,248.13666198730468,248.2967049734933,248.46471255707897,248.12869738990761
2021-05-14 13:12:00-04:00,248.39999389648438,248.39999389648438,248.3300018310547,248.33909606933594,248.33909606933594,24732,248.31078491210937,248.14444396972655,248.3038046700614,248.46561160122477,248.14199773889803
2021-05-14 13:13:00-04:00,248.3300018310547,248.36000061035156,248.2899932861328,248.33999633789062,248.33999633789062,46444,248.32128982543946,248.15424377441406,248.31217593238466,248.46186513933486,248.16248672543446
2021-05-14 13:14:00-04:00,248.36000061035156,248.41000366210938,248.35499572753906,248.3699951171875,248.3699951171875,15990,248.3315444946289,248.16364379882813,248.32360912504652,248.45065171290318,248.19656653718985
2021-05-14 13:15:00-04:00,248.3699951171875,248.3800048828125,248.27999877929688,248.375,248.375,26703,248.3407943725586,248.17234375,248.3336138044085,248.44040913700738,248.2268184718096
2021-05-14 13:16:00-04:00,248.3699951171875,248.3800048828125,248.30999755859375,248.35000610351562,248.35000610351562,23896,248.34429473876952,248.1789437866211,248.3412330264137,248.42644564369724,248.25602040913017
2021-05-14 13:17:00-04:00,248.34010314941406,248.36000061035156,248.3000030517578,248.3000030517578,248.3000030517578,19022,248.34379501342772,248.18494384765626,248.34218561081659,248.42503378081602,248.25933744081715
2021-05-14 13:18:00-04:00,248.30499267578125,248.36500549316406,248.2899932861328,248.33999633789062,248.33999633789062,16159,248.34629516601564,248.1918896484375,248.34361412411644,248.42520762939884,248.26202061883404
2021-05-14 13:19:00-04:00,248.35000610351562,248.37939453125,248.33180236816406,248.36000061035156,248.36000061035156,20762,248.34979553222655,248.1997915649414,248.3469478062221,248.4251269688916,248.2687686435526
2021-05-14 13:20:00-04:00,248.3699951171875,248.4199981689453,248.36000061035156,248.4149932861328,248.4149932861328,26080,248.3555450439453,248.20789154052736,248.35290018717447,248.43186447501614,248.2739358993328
2021-05-14 13:21:00-04:00,248.41000366210938,248.52999877929688,248.39999389648438,248.50999450683594,248.50999450683594,45725,248.36104507446288,248.21789154052735,248.36289978027344,248.4630737965728,248.2627257639741
2021-05-14 13:22:00-04:00,248.50999450683594,248.5500030517578,248.48829650878906,248.52000427246094,248.52000427246094,36192,248.37229537963867,248.2272915649414,248.36861456008185,248.48852988874583,248.24869923141787
2021-05-14 13:23:00-04:00,248.52000427246094,248.52000427246094,248.33999633789062,248.40499877929688,248.40499877929688,47460,248.37754516601564,248.23459167480468,248.3738526843843,248.4899661404291,248.25773922833952
2021-05-14 13:24:00-04:00,248.4080047607422,248.41000366210938,248.32000732421875,248.3699951171875,248.3699951171875,21628,248.38004455566406,248.2415914916992,248.37718563988096,248.48850870430763,248.2658625754543
2021-05-14 13:25:00-04:00,248.3699951171875,248.4600067138672,248.36000061035156,248.4600067138672,248.4600067138672,15327,248.38704452514648,248.25079162597658,248.38385227748327,248.4974441482584,248.27026040670813
2021-05-14 13:26:00-04:00,248.45449829101562,248.5500030517578,248.45010375976562,248.47999572753906,248.47999572753906,29901,248.39279403686524,248.25959167480468,248.39147077287947,248.50835337927836,248.27458816648058
2021-05-14 13:27:00-04:00,248.49000549316406,248.49000549316406,248.3927001953125,248.41000366210938,248.41000366210938,18427,248.39529418945312,248.2691958618164,248.39361354282923,248.5101230341395,248.27710405151896
2021-05-14 13:28:00-04:00,248.4199981689453,248.52149963378906,248.4199981689453,248.5,248.5,14336,248.4037940979004,248.28039581298827,248.40028018043154,248.5241839630105,248.27637639785257
2021-05-14 13:29:00-04:00,248.50999450683594,248.5850067138672,248.50999450683594,248.52000427246094,248.52000427246094,21749,248.40845413208007,248.29119598388672,248.4093279157366,248.53904491400425,248.27961091746897
2021-05-14 13:30:00-04:00,248.52000427246094,248.58770751953125,248.47999572753906,248.56190490722656,248.56190490722656,28115,248.41629943847656,248.30303619384765,248.41576131184897,248.5609248830357,248.27059774066223
2021-05-14 13:31:00-04:00,248.57000732421875,248.64169311523438,248.57000732421875,248.6300048828125,248.6300048828125,22062,248.42779998779298,248.31493621826172,248.42647588820685,248.59795086990687,248.25500090650684
2021-05-14 13:32:00-04:00,248.6199951171875,248.6199951171875,248.49000549316406,248.5,248.5,44105,248.43584518432618,248.32483612060548,248.43123808361236,248.60506510023927,248.25741106698544
2021-05-14 13:33:00-04:00,248.5,248.5,248.3000030517578,248.36000061035156,248.36000061035156,204703,248.4368453979492,248.33073608398436,248.43223353794642,248.6041515699665,248.26031550592634
2021-05-14 13:34:00-04:00,248.36000061035156,248.44000244140625,248.30999755859375,248.4199981689453,248.4199981689453,37939,248.4393455505371,248.33893615722656,248.43604314894904,248.6030517246515,248.26903457324659
2021-05-14 13:35:00-04:00,248.4199981689453,248.49000549316406,248.41000366210938,248.42999267578125,248.42999267578125,25908,248.44209518432618,248.3461358642578,248.43890017554872,248.60330228015337,248.27449807094408
2021-05-14 13:36:00-04:00,248.42999267578125,248.5,248.4149932861328,248.49000549316406,248.49000549316406,22054,248.4490951538086,248.3529360961914,248.44437662760416,248.60754658225045,248.28120667295786
2021-05-14 13:37:00-04:00,248.5,248.52999877929688,248.42999267578125,248.47999572753906,248.47999572753906,21643,248.45809478759764,248.3609359741211,248.45056660970053,248.6086898231703,248.29244339623077
2021-05-14 13:38:00-04:00,248.4821014404297,248.4821014404297,248.41920471191406,248.44000244140625,248.44000244140625,26034,248.46309509277344,248.36653594970704,248.45723324730284,248.6003792514829,248.31408724312277
2021-05-14 13:39:00-04:00,248.47439575195312,248.50999450683594,248.47000122070312,248.5092010498047,248.5092010498047,25102,248.4705551147461,248.372919921875,248.46529061453683,248.59985512111535,248.3307261079583
2021-05-14 13:40:00-04:00,248.51499938964844,248.5749969482422,248.47999572753906,248.55999755859375,248.55999755859375,28297,248.47780532836913,248.3795199584961,248.47481427873885,248.6064774789697,248.343151078508
2021-05-14 13:41:00-04:00,248.55499267578125,248.5850067138672,248.50999450683594,248.57000732421875,248.57000732421875,28579,248.48080596923828,248.38712005615236,248.48219589960007,248.61698690860092,248.34740489059922
2021-05-14 13:42:00-04:00,248.55999755859375,248.58999633789062,248.47000122070312,248.49000549316406,248.49000549316406,33056,248.47930603027345,248.3936361694336,248.48124404180618,248.61551333888255,248.3469747447298
2021-05-14 13:43:00-04:00,248.47000122070312,248.52999877929688,248.4199981689453,248.5,248.5,27158,248.4840560913086,248.4010382080078,248.48029145740327,248.61372152341318,248.34686139139336
2021-05-14 13:44:00-04:00,248.49000549316406,248.5500030517578,248.4600067138672,248.52999877929688,248.52999877929688,12299,248.49205627441407,248.4083401489258,248.48624383835565,248.61680555344114,248.35568212327016
2021-05-14 13:45:00-04:00,248.52999877929688,248.5749969482422,248.49000549316406,248.49000549316406,248.49000549316406,21440,248.4935562133789,248.41434020996093,248.49195861816406,248.6116315916972,248.37228564463092
2021-05-14 13:46:00-04:00,248.48570251464844,248.52999877929688,248.4600067138672,248.4949951171875,248.4949951171875,18144,248.49430618286132,248.41864013671875,248.49362473260788,248.612435907476,248.37481355773977
2021-05-14 13:47:00-04:00,248.5,248.61000061035156,248.5,248.61000061035156,248.61000061035156,20505,248.50430603027343,248.42464019775392,248.49981544131325,248.62837372330796,248.37125715931853
2021-05-14 13:48:00-04:00,248.61000061035156,248.6999969482422,248.61000061035156,248.69000244140625,248.69000244140625,40548,248.51380615234376,248.43264038085937,248.51314871651786,248.65878022478458,248.36751720825114
2021-05-14 13:49:00-04:00,248.6999969482422,248.6999969482422,248.60000610351562,248.6649932861328,248.6649932861328,30105,248.52105560302735,248.44014038085936,248.52100553966704,248.68023830957955,248.36177276975454
2021-05-14 13:50:00-04:00,248.6699981689453,248.7299041748047,248.64999389648438,248.69790649414062,248.69790649414062,35286,248.52785568237306,248.44809844970703,248.52947707403274,248.70576189820326,248.35319224986222
2021-05-14 13:51:00-04:00,248.7097930908203,248.7097930908203,248.66000366210938,248.6699981689453,248.6699981689453,20197,248.52985534667968,248.45349853515626,248.53462437220983,248.7205284592736,248.34872028514607
2021-05-14 13:52:00-04:00,248.6699981689453,248.67999267578125,248.5941925048828,248.67999267578125,248.67999267578125,22217,248.53885498046876,248.46119842529296,248.53700474330358,248.7289658362509,248.34504365035627
2021-05-14 13:53:00-04:00,248.69000244140625,248.72979736328125,248.5800018310547,248.6300048828125,248.6300048828125,24575,248.5523551940918,248.46779846191407,248.54319545200892,248.73836909491598,248.34802180910185
2021-05-14 13:54:00-04:00,248.63999938964844,248.63999938964844,248.57000732421875,248.61500549316406,248.61500549316406,36168,248.56210556030274,248.47369842529298,248.55533854166666,248.73434186442563,248.37633521890768
2021-05-14 13:55:00-04:00,248.6199951171875,248.77099609375,248.60769653320312,248.77000427246094,248.77000427246094,36318,248.57910614013673,248.4826983642578,248.57200549897692,248.76241206919866,248.38159892875518
2021-05-14 13:56:00-04:00,248.77999877929688,248.8000030517578,248.72329711914062,248.77000427246094,248.77000427246094,32272,248.59310607910157,248.49079833984376,248.58819652739027,248.7853098083945,248.39108324638605
2021-05-14 13:57:00-04:00,248.75999450683594,248.77999877929688,248.69000244140625,248.72000122070312,248.72000122070312,21095,248.60510635375977,248.4979983520508,248.59914870489212,248.79878531212896,248.39951209765528
2021-05-14 13:58:00-04:00,248.74000549316406,248.75,248.6199951171875,248.67010498046875,248.67010498046875,38307,248.6166114807129,248.50480041503906,248.6082015264602,248.80253176277478,248.4138712901456
2021-05-14 13:59:00-04:00,248.67999267578125,248.764404296875,248.66000366210938,248.75999450683594,248.75999450683594,21574,248.62915115356446,248.51146423339844,248.6234392438616,248.81269907177844,248.43417941594478
2021-05-14 14:00:00-04:00,248.7613067626953,248.7812042236328,248.61000061035156,248.65150451660156,248.65150451660156,45962,248.63372650146485,248.51639434814453,248.63021559942337,248.81263993845252,248.4477912603942
2021-05-14 14:01:00-04:00,248.66000366210938,248.6999969482422,248.63999938964844,248.6699981689453,248.6699981689453,20336,248.63872604370118,248.52179443359375,248.63545372372582,248.81580032064699,248.45510712680465
2021-05-14 14:02:00-04:00,248.65499877929688,248.72000122070312,248.5749969482422,248.61000061035156,248.61000061035156,31132,248.64472579956055,248.52721252441407,248.63735816592262,248.8157173074134,248.45899902443185
2021-05-14 14:03:00-04:00,248.58009338378906,248.69000244140625,248.5800018310547,248.67999267578125,248.67999267578125,17679,248.65372543334962,248.53401245117186,248.64640517461868,248.81271927729344,248.48009107194392
2021-05-14 14:04:00-04:00,248.69000244140625,248.71009826660156,248.63999938964844,248.6815948486328,248.6815948486328,21906,248.66130523681642,248.5402444458008,248.6550525483631,248.80828268629108,248.50182241043512
2021-05-14 14:05:00-04:00,248.67999267578125,248.68499755859375,248.58999633789062,248.64999389648438,248.64999389648438,21252,248.66930465698243,248.54574432373047,248.6607666015625,248.8034160202832,248.5181171828418
2021-05-14 14:06:00-04:00,248.66000366210938,248.73989868164062,248.66000366210938,248.72000122070312,248.72000122070312,30187,248.6805549621582,248.5531442260742,248.67171877906435,248.79394007689092,248.54949748123778
2021-05-14 14:07:00-04:00,248.7100067138672,248.75999450683594,248.68850708007812,248.74000549316406,248.74000549316406,20872,248.68705520629882,248.56194427490234,248.68338593982514,248.77974856207382,248.58702331757647
2021-05-14 14:08:00-04:00,248.7467041015625,248.8000030517578,248.73500061035156,248.77560424804688,248.77560424804688,27187,248.69133529663085,248.57065643310546,248.69127182733445,248.7894246296281,248.5931190250408
2021-05-14 14:09:00-04:00,248.77000427246094,248.7899932861328,248.72999572753906,248.7899932861328,248.7899932861328,21266,248.69758529663085,248.5792562866211,248.69603329613096,248.8028706057215,248.58919598654043
2021-05-14 14:10:00-04:00,248.7899932861328,248.83999633789062,248.75999450683594,248.83009338378906,248.83009338378906,28110,248.70419464111328,248.58755828857423,248.70389520554315,248.82402807848595,248.58376233260034
2021-05-14 14:11:00-04:00,248.83169555664062,248.86500549316406,248.6999969482422,248.74070739746094,248.74070739746094,34533,248.70773010253907,248.5921725463867,248.70593334379652,248.827047162767,248.58481952482603
2021-05-14 14:12:00-04:00,248.75999450683594,248.77999877929688,248.72999572753906,248.77499389648438,248.77499389648438,38020,248.7124801635742,248.59727233886719,248.710933140346,248.83436645042823,248.58749983026374
2021-05-14 14:13:00-04:00,248.77000427246094,248.8300018310547,248.75,248.82000732421875,248.82000732421875,25604,248.72198028564452,248.60557250976564,248.71760050455728,248.84858828707496,248.5866127220396
2021-05-14 14:14:00-04:00,248.83009338378906,248.9499969482422,248.77000427246094,248.77000427246094,248.77000427246094,58759,248.72973022460937,248.6135726928711,248.7242671421596,248.85088538338542,248.59764890093376
2021-05-14 14:15:00-04:00,248.77999877929688,248.86000061035156,248.74000549316406,248.83999633789062,248.83999633789062,28120,248.73322982788085,248.62117248535156,248.7349809919085,248.86087249183913,248.60908949197784
2021-05-14 14:16:00-04:00,248.82000732421875,248.83999633789062,248.75999450683594,248.77000427246094,248.77000427246094,17105,248.73322982788085,248.62697265625,248.7349809919085,248.86087249183913,248.60908949197784
2021-05-14 14:17:00-04:00,248.77999877929688,248.7899932861328,248.7100067138672,248.7100067138672,248.7100067138672,30462,248.73273010253905,248.63297271728516,248.73212396530877,248.85742335238913,248.6068245782284
2021-05-14 14:18:00-04:00,248.6999969482422,248.72999572753906,248.69000244140625,248.7100067138672,248.7100067138672,23489,248.73472518920897,248.6371728515625,248.73164803641183,248.85720581115126,248.6060902616724
2021-05-14 14:19:00-04:00,248.70159912109375,248.72000122070312,248.66000366210938,248.6699981689453,248.6699981689453,16793,248.73022537231446,248.64017272949218,248.7316429501488,248.85721078903765,248.60607511125994
2021-05-14 14:20:00-04:00,248.66000366210938,248.72000122070312,248.6199951171875,248.63999938964844,248.63999938964844,24669,248.7296501159668,248.64173461914064,248.7259288969494,248.8566743629965,248.5951834309023
2021-05-14 14:21:00-04:00,248.6300048828125,248.6699981689453,248.625,248.63499450683594,248.63499450683594,22611,248.72789993286133,248.6418344116211,248.72514270600817,248.8578690277357,248.59241638428065
2021-05-14 14:22:00-04:00,248.6199951171875,248.63999938964844,248.52999877929688,248.6083984375,248.6083984375,40709,248.72781982421876,248.6440023803711,248.72220938546317,248.86226427002293,248.5821545009034
2021-05-14 14:23:00-04:00,248.59800720214844,248.6300048828125,248.5399932861328,248.55999755859375,248.55999755859375,20618,248.72182006835936,248.64800231933594,248.7198282877604,248.86891952678104,248.57073704873977
2021-05-14 14:24:00-04:00,248.5500030517578,248.5800018310547,248.5399932861328,248.5800018310547,248.5800018310547,26871,248.71674041748048,248.6512023925781,248.71506681896392,248.8750273788054,248.55510625912243
2021-05-14 14:25:00-04:00,248.57000732421875,248.60000610351562,248.4199981689453,248.4199981689453,248.4199981689453,50055,248.70524063110352,248.6510025024414,248.7026098342169,248.90625116130454,248.49896850712926
2021-05-14 14:26:00-04:00,248.4199981689453,248.4499969482422,248.39999389648438,248.4499969482422,248.4499969482422,41670,248.69174041748047,248.65020233154297,248.69308617001488,248.92293269743837,248.4632396425914
2021-05-14 14:27:00-04:00,248.4499969482422,248.4949951171875,248.42999267578125,248.44000244140625,248.44000244140625,23257,248.67674026489257,248.64940246582032,248.67975289481026,248.9332803588602,248.42622543076033
2021-05-14 14:28:00-04:00,248.44000244140625,248.55999755859375,248.39300537109375,248.5399932861328,248.5399932861328,37937,248.6649597167969,248.65140228271486,248.67022850399925,248.92900406588427,248.41145294211424
2021-05-14 14:29:00-04:00,248.5399932861328,248.5399932861328,248.38999938964844,248.39999389648438,248.39999389648438,41632,248.64545974731445,248.64921813964844,248.652342296782,248.93085344986778,248.3738311436962
2021-05-14 14:30:00-04:00,248.39999389648438,248.5800018310547,248.38999938964844,248.5449981689453,248.5449981689453,42387,248.63120498657227,248.64891815185547,248.64067586263022,248.91561813885346,248.36573358640698
2021-05-14 14:31:00-04:00,248.5449981689453,248.6199951171875,248.5449981689453,248.61500549316406,248.61500549316406,32645,248.62491989135742,248.64981811523438,248.63043358212425,248.89197715704134,248.36889000720717
2021-05-14 14:32:00-04:00,248.6199951171875,248.63999938964844,248.5399932861328,248.55499267578125,248.55499267578125,39581,248.61391983032226,248.65111785888672,248.62159002394904,248.88013791310323,248.36304213479485
2021-05-14 14:33:00-04:00,248.55999755859375,248.55999755859375,248.44009399414062,248.48500061035156,248.48500061035156,58870,248.5971694946289,248.65081787109375,248.60778081984748,248.86300858959706,248.3525530500979
2021-05-14 14:34:00-04:00,248.47999572753906,248.47999572753906,248.3800048828125,248.39999389648438,248.39999389648438,32659,248.57866897583008,248.6482177734375,248.58778018043154,248.839115555675,248.33644480518808
2021-05-14 14:35:00-04:00,248.39500427246094,248.50999450683594,248.35000610351562,248.5,248.5,32501,248.56166915893556,248.6484176635742,248.5749228341239,248.81493235034057,248.33491331790722
2021-05-14 14:36:00-04:00,248.50999450683594,248.63999938964844,248.5,248.63999938964844,248.63999938964844,29241,248.55516891479493,248.65131774902343,248.56539916992188,248.7764817632908,248.35431657655295
2021-05-14 14:37:00-04:00,248.6300048828125,248.6699981689453,248.57000732421875,248.6300048828125,248.6300048828125,41929,248.5511688232422,248.65171783447266,248.55873253231957,248.75144272354268,248.36602234109645
2021-05-14 14:38:00-04:00,248.63999938964844,248.72900390625,248.63499450683594,248.69000244140625,248.69000244140625,32376,248.55016860961913,248.65171783447266,248.55777994791666,248.74764280453073,248.3679170913026
2021-05-14 14:39:00-04:00,248.69000244140625,248.69000244140625,248.60000610351562,248.60000610351562,248.60000610351562,17911,248.54666900634766,248.65041809082032,248.5525418236142,248.73094767761296,248.37413596961545
2021-05-14 14:40:00-04:00,248.60000610351562,248.63999938964844,248.57000732421875,248.63499450683594,248.63499450683594,41074,248.54641876220703,248.64915985107422,248.5508749825614,248.72544116683758,248.3763087982852
2021-05-14 14:41:00-04:00,248.64169311523438,248.77999877929688,248.64169311523438,248.77000427246094,248.77000427246094,31264,248.55316925048828,248.65115997314453,248.55706569126673,248.75204330443646,248.362088078097
2021-05-14 14:42:00-04:00,248.772705078125,248.81500244140625,248.74000549316406,248.77000427246094,248.77000427246094,38280,248.56124954223634,248.65296020507813,248.56349472772507,248.7765499257722,248.35043952967794
2021-05-14 14:43:00-04:00,248.75999450683594,248.8300018310547,248.75819396972656,248.80999755859375,248.80999755859375,29205,248.57374954223633,248.65656005859375,248.5730946858724,248.81038134493014,248.33580802681468
2021-05-14 14:44:00-04:00,248.8054962158203,248.85400390625,248.77000427246094,248.8300018310547,248.8300018310547,36523,248.58624954223632,248.66085998535155,248.58595203218005,248.84726166302497,248.32464240133513
2021-05-14 14:45:00-04:00,248.82020568847656,248.8699951171875,248.7550048828125,248.78460693359375,248.78460693359375,66612,248.60447998046874,248.66115203857422,248.59569513230096,248.8704190197577,248.32097124484423
2021-05-14 14:46:00-04:00,248.78500366210938,248.85000610351562,248.77000427246094,248.84500122070312,248.84500122070312,33963,248.6242301940918,248.66265197753907,248.61593337286087,248.8984756252914,248.33339112043032
2021-05-14 14:47:00-04:00,248.83999633789062,249.0,248.83999633789062,248.8800048828125,248.8800048828125,82598,248.6462303161621,248.66585205078124,248.63640994117372,248.9300839124137,248.34273596993376
2021-05-14 14:48:00-04:00,248.8699951171875,248.97000122070312,248.8699951171875,248.8800048828125,248.8800048828125,42926,248.6632308959961,248.67005004882813,248.65736243838356,248.95478749664466,248.35993738012246
2021-05-14 14:49:00-04:00,248.8800048828125,248.91000366210938,248.82000732421875,248.91000366210938,248.91000366210938,41006,248.68873138427733,248.6730502319336,248.67498198009673,248.98614659568523,248.36381736450824
2021-05-14 14:50:00-04:00,248.9199981689453,248.92999267578125,248.77000427246094,248.79769897460938,248.79769897460938,48232,248.70136642456055,248.67597412109376,248.6939203171503,248.9833067818484,248.40453385245218
2021-05-14 14:51:00-04:00,248.80999755859375,248.97999572753906,248.8000030517578,248.94000244140625,248.94000244140625,34594,248.71761627197264,248.68137420654296,248.71273004441034,249.01221151125776,248.4132485775629
2021-05-14 14:52:00-04:00,248.94000244140625,249.07000732421875,248.91000366210938,249.0500030517578,249.0500030517578,129778,248.74236679077148,248.6901742553711,248.7334442138672,249.06203773391505,248.40485069381933
2021-05-14 14:53:00-04:00,249.0500030517578,249.07000732421875,248.97000122070312,249.0500030517578,249.0500030517578,42642,248.7706169128418,248.69757446289063,248.75701613653274,249.10178259013963,248.41224968292585
2021-05-14 14:54:00-04:00,249.05499267578125,249.16000366210938,249.0500030517578,249.14999389648438,249.14999389648438,53371,248.8081169128418,248.70694244384765,248.78868248349144,249.1496116202288,248.4277533467541
2021-05-14 14:55:00-04:00,249.16000366210938,249.17999267578125,249.02000427246094,249.064697265625,249.064697265625,48674,248.83635177612305,248.71523651123047,248.82033502487909,249.15476408903925,248.48590596071892
2021-05-14 14:56:00-04:00,249.0399932861328,249.0500030517578,248.94000244140625,249.02499389648438,249.02499389648438,52600,248.85560150146483,248.7213363647461,248.84533473423548,249.15783581989578,248.53283364857518
2021-05-14 14:57:00-04:00,249.02999877929688,249.02999877929688,248.91000366210938,248.9199981689453,248.9199981689453,30084,248.87010116577147,248.72493621826172,248.8586680094401,249.15852133664856,248.55881468223163
2021-05-14 14:58:00-04:00,248.94000244140625,248.94000244140625,248.85000610351562,248.89999389648438,248.89999389648438,42779,248.8806007385254,248.72742401123048,248.87152462913878,249.15353538504235,248.5895138732352
2021-05-14 14:59:00-04:00,248.8800048828125,249.00999450683594,248.86000061035156,249.0,249.0,39178,248.9006004333496,248.73162414550782,248.88628641764322,249.16104530903425,248.6115275262522
2021-05-14 15:00:00-04:00,249.0,249.03500366210938,248.9199981689453,248.9499969482422,248.9499969482422,54036,248.9163505554199,248.7340222167969,248.9029526483445,249.14669331040366,248.65921198628533
2021-05-14 15:01:00-04:00,248.9600067138672,248.97000122070312,248.89999389648438,248.91000366210938,248.91000366210938,38619,248.92335052490233,248.73740814208983,248.91604832240515,249.12802863398588,248.70406801082441
2021-05-14 15:02:00-04:00,248.9199981689453,248.9600067138672,248.86000061035156,248.8699951171875,248.8699951171875,48865,248.92835006713867,248.73930816650392,248.92080979120163,249.12367609277234,248.71794348963093
2021-05-14 15:03:00-04:00,248.8695068359375,248.8800048828125,248.72999572753906,248.75999450683594,248.75999450683594,39999,248.92584991455078,248.73810791015626,248.92033313569567,249.1246685600108,248.71599771138054
2021-05-14 15:04:00-04:00,248.75999450683594,248.85000610351562,248.75,248.83999633789062,248.83999633789062,31932,248.92634963989258,248.73950775146486,248.92176164899553,249.12337030087895,248.7201529971121
2021-05-14 15:05:00-04:00,248.83999633789062,248.8699951171875,248.72999572753906,248.72999572753906,248.72999572753906,23239,248.92361907958986,248.7373077392578,248.91699945359002,249.13147757713506,248.702521330045
2021-05-14 15:06:00-04:00,248.74000549316406,248.8300018310547,248.67999267578125,248.8300018310547,248.8300018310547,36844,248.92286911010743,248.73850769042969,248.9191611153739,249.12908742429528,248.7092348064525
2021-05-14 15:07:00-04:00,248.8350067138672,248.88999938964844,248.75999450683594,248.7899932861328,248.7899932861328,32847,248.91836853027343,248.740107421875,248.91654168991815,249.13145963663158,248.70162374320472
2021-05-14 15:08:00-04:00,248.77999877929688,248.77999877929688,248.66000366210938,248.72000122070312,248.72000122070312,26454,248.91036834716797,248.7403073120117,248.90892246791296,249.13939771539617,248.67844722042975
2021-05-14 15:09:00-04:00,248.72000122070312,248.75,248.6699981689453,248.73260498046875,248.73260498046875,22843,248.90149841308593,248.74155944824219,248.9019034249442,249.14424790199618,248.65955894789224
2021-05-14 15:10:00-04:00,248.74000549316406,248.78500366210938,248.6999969482422,248.6999969482422,248.6999969482422,32258,248.89661331176757,248.74275939941407,248.89190310523622,249.14909024570133,248.63471596477112
2021-05-14 15:11:00-04:00,248.69000244140625,248.80999755859375,248.67999267578125,248.7698974609375,248.7698974609375,35623,248.88810806274415,248.7454574584961,248.8905792236328,249.14998766711196,248.63117078015367
2021-05-14 15:12:00-04:00,248.77000427246094,248.77000427246094,248.55999755859375,248.5800018310547,248.5800018310547,47393,248.86460800170897,248.7448895263672,248.8734363374256,249.16354986166786,248.58332281318334
2021-05-14 15:13:00-04:00,248.58999633789062,248.63999938964844,248.52999877929688,248.63999938964844,248.63999938964844,36219,248.8441078186035,248.74648956298827,248.85391235351562,249.14905131220914,248.5587733948221
2021-05-14 15:14:00-04:00,248.6300048828125,248.72999572753906,248.6199951171875,248.69000244140625,248.69000244140625,37554,248.82110824584962,248.7486895751953,248.83676946730841,249.12607264116292,248.5474662934539
2021-05-14 15:15:00-04:00,248.69000244140625,248.8300018310547,248.6699981689453,248.8000030517578,248.8000030517578,39862,248.80787353515626,248.75628967285155,248.82010323660714,249.07306703871504,248.56713943449924
2021-05-14 15:16:00-04:00,248.80999755859375,248.82000732421875,248.7200927734375,248.77000427246094,248.77000427246094,27821,248.79512405395508,248.76268981933595,248.80607023693267,249.03451504692444,248.5776254269409
2021-05-14 15:17:00-04:00,248.77000427246094,248.7899932861328,248.7100067138672,248.75999450683594,248.75999450683594,21486,248.7871238708496,248.76908966064454,248.79345121837798,249.00020363732787,248.5866987994281
2021-05-14 15:18:00-04:00,248.75999450683594,248.8000030517578,248.66000366210938,248.7100067138672,248.7100067138672,39535,248.77762451171876,248.77248992919922,248.783451625279,248.98495766381254,248.5819455867455
2021-05-14 15:19:00-04:00,248.7100067138672,248.7100067138672,248.5800018310547,248.58590698242188,248.58590698242188,46619,248.75691986083984,248.77620819091797,248.76849510556175,248.97965669666704,248.55733351445647
2021-05-14 15:20:00-04:00,248.5800018310547,248.6199951171875,248.52000427246094,248.52000427246094,248.52000427246094,55714,248.73542022705078,248.7757083129883,248.74563816615515,248.95551414262985,248.53576218968044
2021-05-14 15:21:00-04:00,248.52000427246094,248.55999755859375,248.44000244140625,248.4600067138672,248.4600067138672,70475,248.71292037963866,248.77260833740235,248.72230529785156,248.9447936450107,248.49981695069243
2021-05-14 15:22:00-04:00,248.47000122070312,248.5500030517578,248.4199981689453,248.42999267578125,248.42999267578125,38159,248.69092025756837,248.77010833740235,248.69944763183594,248.93827615630892,248.46061910736296
2021-05-14 15:23:00-04:00,248.4199981689453,248.49000549316406,248.36000061035156,248.47999572753906,248.47999572753906,39170,248.67692031860352,248.7700082397461,248.68087623232887,248.92441543539806,248.43733702925968
2021-05-14 15:24:00-04:00,248.4783935546875,248.52999877929688,248.47000122070312,248.49009704589844,248.49009704589844,32401,248.6594253540039,248.77181030273437,248.66802397228423,248.92186205474232,248.41418588982614
2021-05-14 15:25:00-04:00,248.5,248.6699981689453,248.49000549316406,248.49009704589844,248.49009704589844,100137,248.64743041992188,248.77161224365236,248.65136210123697,248.90377871751548,248.39894548495846
2021-05-14 15:26:00-04:00,248.49000549316406,248.64500427246094,248.47999572753906,248.64500427246094,248.64500427246094,41587,248.6381805419922,248.7717123413086,248.6473148890904,248.89725120683713,248.3973785713437
2021-05-14 15:27:00-04:00,248.63999938964844,248.63999938964844,248.50999450683594,248.57000732421875,248.57000732421875,34289,248.62718124389647,248.77051239013673,248.6349341982887,248.8728149566151,248.39705343996232
2021-05-14 15:28:00-04:00,248.57000732421875,248.6199951171875,248.50999450683594,248.5399932861328,248.5399932861328,46857,248.61818084716796,248.76751220703125,248.62302943638392,248.85352610386252,248.3925327689053
2021-05-14 15:29:00-04:00,248.52999877929688,248.63999938964844,248.52000427246094,248.58999633789062,248.58999633789062,50247,248.61105041503907,248.76731201171876,248.61683872767858,248.8435047571401,248.39017269821707
2021-05-14 15:30:00-04:00,248.58999633789062,248.61000061035156,248.38999938964844,248.44760131835938,248.44760131835938,56813,248.59843063354492,248.7635641479492,248.603267124721,248.8347011979669,248.37183305147508
2021-05-14 15:31:00-04:00,248.4600067138672,248.52000427246094,248.36000061035156,248.38999938964844,248.38999938964844,49599,248.57943572998047,248.75596405029296,248.5885053362165,248.83268134122804,248.344329331205
2021-05-14 15:32:00-04:00,248.38999938964844,248.47000122070312,248.3800048828125,248.3800048828125,248.3800048828125,35602,248.56943588256837,248.7481640625,248.56993902297248,248.81542148221934,248.32445656372562
2021-05-14 15:33:00-04:00,248.38999938964844,248.38999938964844,248.24000549316406,248.27999877929688,248.27999877929688,64149,248.5514358520508,248.73756408691406,248.55565316336495,248.8305463107103,248.2807600160196
2021-05-14 15:34:00-04:00,248.27999877929688,248.47999572753906,248.27000427246094,248.47000122070312,248.47000122070312,32071,248.54043579101562,248.73036407470704,248.5475580124628,248.82204762131198,248.2730684036136
2021-05-14 15:35:00-04:00,248.48500061035156,248.64999389648438,248.48500061035156,248.64999389648438,248.64999389648438,60349,248.53293533325194,248.72767181396483,248.545652843657,248.81666582877304,248.27463985854095
2021-05-14 15:36:00-04:00,248.64500427246094,248.6699981689453,248.50999450683594,248.50999450683594,248.50999450683594,68011,248.5199348449707,248.7209716796875,248.53184291294642,248.77780340188255,248.28588242401028
2021-05-14 15:37:00-04:00,248.50999450683594,248.62120056152344,248.49620056152344,248.55540466308594,248.55540466308594,38257,248.50970535278321,248.71447967529298,248.52162388392858,248.74363070249757,248.2996170653596
2021-05-14 15:38:00-04:00,248.5500030517578,248.58999633789062,248.5,248.5399932861328,248.5399932861328,36284,248.50120468139647,248.70767944335938,248.51114763532365,248.7060708161617,248.3162244544856
2021-05-14 15:39:00-04:00,248.52999877929688,248.6199951171875,248.50999450683594,248.61500549316406,248.61500549316406,45479,248.5026596069336,248.70177947998047,248.50662376767113,248.6865920067933,248.32665552854897
2021-05-14 15:40:00-04:00,248.61000061035156,248.72999572753906,248.55140686035156,248.68499755859375,248.68499755859375,67875,248.51090927124022,248.69952545166015,248.51134236653647,248.70422270299227,248.31846203008067
2021-05-14 15:41:00-04:00,248.68499755859375,248.69540405273438,248.64999389648438,248.6699981689453,248.6699981689453,0,248.52140884399415,248.69412536621093,248.51848493303572,248.72297846005887,248.31399140601258
2021-05-14 15:42:00-04:00,248.6649932861328,248.67999267578125,248.5500030517578,248.5800018310547,248.5800018310547,63064,248.5289093017578,248.68472534179688,248.52419898623512,248.7285416856275,248.31985628684274
2021-05-14 15:43:00-04:00,248.58999633789062,248.6300048828125,248.5500030517578,248.5800018310547,248.5800018310547,67772,248.5339096069336,248.6753253173828,248.5313422793434,248.73244813576244,248.33023642292434
2021-05-14 15:44:00-04:00,248.5800018310547,248.69000244140625,248.5800018310547,248.63999938964844,248.63999938964844,67072,248.5414047241211,248.6651254272461,248.53896150134858,248.74382915215284,248.33409385054432
2021-05-14 15:45:00-04:00,248.63999938964844,248.6468048095703,248.5,248.5500030517578,248.5500030517578,70726,248.54440002441407,248.65483154296874,248.54181416829428,248.74553630967034,248.33809202691822
2021-05-14 15:46:00-04:00,248.5500030517578,248.72830200195312,248.50999450683594,248.7100067138672,248.7100067138672,99506,248.5476501464844,248.6485317993164,248.55228605724517,248.7667162943152,248.33785582017515
2021-05-14 15:47:00-04:00,248.72000122070312,248.9600067138672,248.69000244140625,248.92999267578125,248.92999267578125,106039,248.5656494140625,248.64873168945311,248.56585693359375,248.8322941189705,248.299419748217
2021-05-14 15:48:00-04:00,248.94000244140625,248.94000244140625,248.80999755859375,248.8800048828125,248.8800048828125,67047,248.5826499938965,248.6483319091797,248.58061872209822,248.87905239086166,248.28218505333479
2021-05-14 15:49:00-04:00,248.88499450683594,248.9600067138672,248.80999755859375,248.86000061035156,248.86000061035156,142767,248.59615020751954,248.64553192138672,248.59585716610863,248.91648411069428,248.27523022152297
2021-05-14 15:50:00-04:00,248.8699951171875,248.9199981689453,248.6199951171875,248.89500427246094,248.89500427246094,180571,248.6185203552246,248.6444320678711,248.6103813534691,248.95553808928432,248.2652246176539
2021-05-14 15:51:00-04:00,248.89999389648438,249.02000427246094,248.86000061035156,249.02000427246094,249.02000427246094,151082,248.65002059936523,248.64663208007812,248.63763863699776,249.0161567809325,248.25912049306302
2021-05-14 15:52:00-04:00,249.00999450683594,249.10000610351562,248.92999267578125,249.05999755859375,249.05999755859375,107798,248.68402023315429,248.65043212890626,248.66954331170945,249.07160712689625,248.26747949652264
2021-05-14 15:53:00-04:00,249.05149841308594,249.13999938964844,248.99000549316406,249.02999877929688,249.02999877929688,122004,248.7215202331543,248.65583221435546,248.70049540201822,249.1087171167327,248.29227368730375
2021-05-14 15:54:00-04:00,249.02000427246094,249.0800018310547,248.82000732421875,249.0,249.0,150662,248.74802017211914,248.65903228759765,248.73478117443267,249.11579349086915,248.3537688579962
2021-05-14 15:55:00-04:00,248.97000122070312,248.97999572753906,248.6999969482422,248.7100067138672,248.7100067138672,108550,248.7510208129883,248.65863250732423,248.74621000744048,249.10855650016074,248.38386351472022
2021-05-14 15:56:00-04:00,248.6999969482422,248.7449951171875,248.58999633789062,248.61000061035156,248.61000061035156,133096,248.75602111816406,248.65423248291015,248.74430556524368,249.10908744933323,248.37952368115413
2021-05-14 15:57:00-04:00,248.60000610351562,248.6699981689453,248.5,248.57000732421875,248.57000732421875,139560,248.7567512512207,248.64983276367187,248.74716331845238,249.10538494601695,248.3889416908878
2021-05-14 15:58:00-04:00,248.55999755859375,248.60000610351562,248.19000244140625,248.20989990234375,248.20989990234375,241395,248.74024658203126,248.63963073730469,248.73071071079798,249.1497716722719,248.31164974932406
2021-05-14 15:59:00-04:00,248.2050018310547,248.3699951171875,248.0,248.14999389648438,248.14999389648438,483006,248.71699600219728,248.627978515625,248.7121393112909,249.1938133295946,248.23046529298722
2021-05-14 16:00:00-04:00,248.14999389648438,248.14999389648438,248.14999389648438,248.14999389648438,248.14999389648438,0,248.69024581909179,248.61697845458986,248.68999590192522,249.22750726636642,248.152484537484
